0.0734,0.9968,51.6861,0.1325,0.8176,3.5518
0.1132,0.9963,56.0261,0.2116,0.7071,3.2608
0.1271,0.9984,33.6146,0.1790,0.8704,8.9419
0.0929,0.9959,56.6516,0.2057,0.6795,1.7130
0.1097,0.9978,46.5030,0.1304,0.8572,7.5340
0.0796,0.9971,48.5506,0.2770,0.5262,11.2148
0.1041,0.9963,46.1536,0.1095,0.1730,44.0954
0.0899,0.9967,58.0792,0.1889,0.6081,12.6877
0.0750,0.9970,55.8631,0.0944,0.8058,10.1262
0.0488,0.9973,49.1309,0.2081,0.1890,20.4292
0.0666,0.9963,54.5723,0.2821,0.6707,8.5855
0.1649,0.9979,59.7917,0.2091,0.1877,15.7620
0.0351,0.9967,59.1169,0.0868,0.5421,51.0307
0.1062,0.9972,42.2677,0.1722,0.9182,5.5274
0.0935,0.9968,59.5513,0.2874,0.1568,6.7818
0.1521,0.9979,48.8377,0.1910,0.8106,12.1469
0.0874,0.9954,56.6632,0.1532,0.4338,10.7535
0.0908,0.9963,54.1745,0.2134,0.5210,15.7342
0.0528,0.9964,55.5604,0.2589,0.3883,3.5189
0.1019,0.9974,41.3984,0.1193,0.7751,11.6331
0.0644,0.9965,56.7054,0.2279,0.5655,14.6396
0.0896,0.9964,58.9546,0.2731,0.6057,2.4450
0.1441,0.9968,51.6732,0.2248,0.4438,5.0005
0.0925,0.9965,51.0633,0.1506,0.7758,9.7008
0.1589,0.9973,48.4446,0.1821,0.2850,0.7544
0.0181,0.9999,57.1845,0.1648,0.9747,15.1709
0.1133,0.9962,53.3456,0.3214,0.5821,3.4785
0.0746,0.9974,57.1361,0.1726,0.9824,16.1568
0.1013,0.9966,55.8743,0.2498,0.7473,4.7581
0.0960,0.9968,58.2113,0.1435,0.5896,13.9089
0.0729,0.9975,50.8212,0.2265,0.4149,9.4535
0.0652,0.9963,55.1334,0.2571,0.5745,3.6455
0.1248,0.9970,49.9891,0.1282,0.8976,4.1233
0.1122,0.9979,46.7190,0.2531,0.4687,0.2240
0.1397,0.9986,38.0048,0.1500,0.6847,8.3588
0.1152,0.9958,58.2513,0.1794,0.7990,0.3226
0.0710,0.9992,50.3244,0.1373,0.9880,1.3251
0.0721,0.9966,52.2882,0.2796,0.6388,10.0388
0.0845,0.9965,54.3189,0.1378,0.7350,17.8057
0.0836,0.9967,53.8778,0.2239,0.7548,11.1936
0.0823,0.9967,55.8730,0.2076,0.8501,10.8121
0.0636,0.9961,57.7905,0.1863,0.7769,11.4432
0.0720,0.9975,40.2700,0.2082,0.7790,4.8239
0.0644,0.9990,57.5294,0.1543,0.9845,11.3340
0.0390,0.9975,57.1205,0.2807,0.3867,11.9752
0.1451,0.9961,53.2968,0.1745,0.7418,12.4859
0.1184,0.9961,57.7285,0.1787,0.6540,18.5878
0.0890,0.9966,49.2182,0.1587,0.6771,17.0315
0.0590,0.9967,59.6050,0.1828,0.6770,15.0196
0.0967,0.9967,56.5310,0.1586,0.8044,7.1915
0.0922,0.9951,55.7332,0.1672,0.7723,1.2505
0.0703,0.9961,58.0840,0.1457,0.8699,0.4057
0.1228,0.9973,48.9460,0.1803,0.8147,10.1417
0.1009,0.9974,59.8372,0.1746,0.7820,10.0573
0.0829,0.9963,56.4239,0.1781,0.7411,13.0683
0.0984,0.9968,54.7803,0.2540,0.7111,9.3635
0.0869,0.9978,44.5261,0.0992,0.9910,8.4889
0.0871,0.9967,56.4734,0.1668,0.6898,13.2010
0.1274,0.9975,40.0050,0.1731,0.5418,14.7491
0.0563,0.9970,42.2895,0.0799,0.7934,14.6355
0.0722,0.9965,54.7958,0.1492,0.4638,6.5317
0.0956,0.9967,59.6383,0.2085,0.6715,13.9244
0.0697,0.9965,52.1756,0.2016,0.7676,6.9867
0.0851,0.9966,51.1474,0.0920,0.8403,6.7851
0.1270,0.9968,53.5204,0.1391,0.6401,12.4466
0.0691,0.9977,54.9684,0.2473,0.7348,11.4151
0.0635,0.9968,45.2730,0.1790,0.7991,0.0151
0.0723,0.9964,57.2129,0.2322,0.6083,5.2936
0.0565,0.9964,50.2997,0.1682,0.7433,3.5100
0.0495,0.9972,51.4182,0.1787,0.8369,4.0315
0.1550,0.9979,56.4818,0.2348,0.6729,0.0221
0.0683,0.9962,49.4699,0.1558,0.5770,29.6446
0.0664,0.9970,55.6851,0.3731,0.6013,8.8900
0.0825,0.9977,53.2027,0.1462,0.9435,16.8893
0.0856,0.9956,52.5941,0.2032,0.5687,7.7923
0.1314,0.9975,49.9675,0.1700,0.7498,10.8892
0.1396,0.9979,39.9479,0.1438,0.8057,12.0282
0.0977,0.9967,59.0332,0.2546,0.5721,15.1907
0.1155,0.9969,49.7045,0.1270,0.6650,6.1551
0.0945,0.9971,52.2975,0.2717,0.2658,10.0121
0.0297,0.9970,57.8157,0.0692,0.6212,34.8146
0.1106,0.9968,54.4465,0.2518,0.6275,2.1257
0.1020,0.9969,56.1947,0.3517,0.3852,0.1384
0.0888,0.9984,48.8731,0.2733,0.5741,3.5640
0.1394,0.9978,57.4520,0.2237,0.6601,10.1970
0.1035,0.9971,55.9055,0.2489,0.5481,9.7059
0.0710,0.9969,52.3758,0.1289,0.7058,8.3116
0.0681,0.9971,48.0081,0.2580,0.3212,15.6925
0.0889,0.9963,52.8863,0.1441,0.5463,31.8775
0.0880,0.9958,56.9010,0.1495,0.5514,22.3761
0.0407,0.9969,52.9659,0.1502,0.6536,15.1323
0.0809,0.9979,54.4974,0.1650,0.9559,7.4044
0.1303,0.9972,50.2741,0.2433,0.3315,9.5465
0.0574,0.9970,51.2169,0.1985,0.2914,11.2436
0.1337,0.9977,53.6712,0.2756,0.1710,6.3072
0.1483,0.9980,39.0733,0.1490,0.3480,14.0495
0.0633,0.9970,40.7303,0.1966,0.6371,11.9949
0.1139,0.9978,55.2963,0.1527,0.8527,4.8587
0.1001,0.9966,56.5490,0.1368,0.6720,8.3649
0.0611,0.9970,52.6682,0.2258,0.4382,11.3876
0.1633,0.9988,49.6894,0.2201,0.3981,0.9829
0.0714,0.9959,53.7792,0.1505,0.6959,13.2768
0.0770,0.9974,45.5720,0.2639,0.1299,10.5848
0.0694,0.9963,58.6465,0.1679,0.6940,10.5673
0.0629,0.9967,55.4845,0.2573,0.4642,3.4339
0.1386,0.9968,49.0559,0.1696,0.8508,7.3480
0.0802,0.9962,57.6678,0.1678,0.5678,37.5973
0.1134,0.9965,51.4032,0.1911,0.6400,10.8123
0.1490,0.9984,34.5179,0.1671,0.4799,14.6788
0.0483,0.9969,57.4675,0.1659,0.8622,11.9171
0.0880,0.9979,58.0881,0.1330,0.9839,15.1545
0.1514,0.9975,50.6743,0.1530,0.8774,6.2999
0.0675,0.9970,57.2035,0.2264,0.5415,7.2704
0.0949,0.9975,48.9010,0.1495,0.8813,6.5328
0.0665,0.9965,59.7037,0.3273,0.4888,11.7927
0.1178,0.9965,49.2146,0.1446,0.5153,3.1197
0.1254,0.9971,53.5073,0.2625,0.6765,13.5626
0.1113,0.9973,46.9141,0.2632,0.2463,6.7480
0.1325,0.9980,50.0498,0.1906,0.8614,4.2453
0.1320,0.9968,50.4185,0.1753,0.7191,18.5365
0.0701,0.9972,49.8738,0.1611,0.3309,4.8119
0.1024,0.9969,56.7529,0.1775,0.7497,8.5540
0.1180,0.9972,40.3243,0.1785,0.6745,8.9015
0.0950,0.9963,56.4291,0.2174,0.7661,1.8765
0.0990,0.9970,52.2679,0.1415,0.7257,9.8418
0.0769,0.9961,51.6840,0.2152,0.6119,12.3222
0.1145,0.9963,49.6717,0.1710,0.3252,3.7077
0.1010,0.9970,53.3369,0.2296,0.6645,7.2961
0.0557,0.9963,56.1653,0.1384,0.7003,16.4574
0.1054,0.9974,57.8366,0.2325,0.3758,13.7105
0.1096,0.9972,55.9884,0.1597,0.7843,8.9047
0.0647,0.9970,54.4868,0.1518,0.8180,4.6759
0.0478,0.9959,54.9588,0.1468,0.2848,28.8562
0.0812,0.9967,55.3462,0.2066,0.5390,2.4767
0.0712,0.9966,57.0492,0.1712,0.4697,13.5054
0.1494,0.9973,52.9629,0.2008,0.8033,1.0713
0.0872,0.9960,54.5652,0.1708,0.7294,0.4729
0.1715,0.9976,56.0476,0.1917,0.7738,3.1042
0.1397,0.9978,53.9076,0.2384,0.5181,0.5636
0.0845,0.9962,59.1451,0.1534,0.7851,18.5273
0.0498,0.9969,53.0025,0.1340,0.4738,31.0575
0.0954,0.9987,59.0884,0.1790,0.9907,23.3263
0.1567,0.9988,31.4625,0.1568,0.8197,5.7115
0.1318,0.9968,45.2707,0.1918,0.7997,7.2656
0.1311,0.9966,56.1965,0.1881,0.6228,7.5288
0.0718,0.9984,55.3754,0.1601,0.9867,5.6958
0.0982,0.9975,50.8104,0.1320,0.6471,3.2369
0.1332,0.9967,53.4358,0.1788,0.5980,4.8837
0.1211,0.9963,59.2771,0.1950,0.7179,2.7072
0.0636,0.9977,53.4499,0.1123,0.9427,3.0786
0.0749,0.9975,48.2109,0.1628,0.6983,9.7209
0.0630,0.9967,50.4280,0.1710,0.4254,10.7525
0.1591,0.9973,44.2500,0.2198,0.6180,8.8478
0.1147,0.9973,52.3148,0.1782,0.6708,5.1853
0.0879,0.9960,49.9361,0.1953,0.6273,15.2669
0.0568,0.9971,50.4134,0.2253,0.8642,10.1250
0.1337,0.9976,57.5632,0.2310,0.7695,2.9854
0.1145,0.9974,37.8969,0.1845,0.6705,14.0666
0.1184,0.9980,54.7249,0.2780,0.6797,4.9827
0.1036,0.9984,55.1115,0.1262,0.9963,1.1354
0.0994,0.9971,58.1639,0.1538,0.4040,4.7388
0.0878,0.9973,53.4330,0.1400,0.9720,11.6810
0.0899,0.9972,57.2782,0.3117,0.6141,2.5123
0.0997,0.9971,55.1620,0.1604,0.7466,14.3586
0.0711,0.9965,52.3494,0.1983,0.4405,0.1332
0.1177,0.9966,47.1666,0.1551,0.6879,4.2342
0.0684,0.9970,56.7001,0.2298,0.5637,8.9754
0.1275,0.9963,59.9341,0.2006,0.7284,8.6056
0.0488,0.9967,50.6835,0.1378,0.6064,20.1976
0.1142,0.9972,48.6107,0.2866,0.3510,4.4646
0.0980,0.9996,59.5054,0.2541,0.9934,1.7944
0.1000,0.9974,50.3692,0.2150,0.8136,3.3587
0.0678,0.9973,50.2055,0.3368,0.5997,15.6961
0.1423,0.9954,58.2089,0.2118,0.7995,7.5593
0.0580,0.9960,54.5828,0.1720,0.6571,15.2880
0.0640,0.9966,53.6313,0.1763,0.7999,12.7628
0.1201,0.9970,45.0604,0.1601,0.8078,1.9800
0.0982,0.9979,49.7256,0.2682,0.6634,8.6089
0.0252,0.9987,57.1743,0.0639,0.9840,48.2164
0.0323,0.9980,52.4904,0.1096,0.9761,1.7726
0.1178,0.9971,49.7728,0.1722,0.7621,12.1521
0.1370,0.9975,42.7315,0.1389,0.6146,8.6835
0.0425,0.9972,42.7646,0.1545,0.4704,51.6275
0.0668,0.9970,58.5045,0.1579,0.8261,12.6821
0.0474,0.9967,55.7447,0.2438,0.2535,28.4418
0.1260,0.9963,52.4057,0.1671,0.5933,2.2306
0.1009,0.9967,56.0771,0.1827,0.4406,7.4722
0.0790,0.9969,44.8964,0.1638,0.7965,3.5472
0.0928,0.9967,48.8131,0.1703,0.6832,13.1065
0.1257,0.9968,49.2953,0.1819,0.7076,4.0652
0.0824,0.9962,58.6120,0.2215,0.7251,11.7282
0.1557,0.9984,44.5074,0.2003,0.7332,8.7588
0.1373,0.9972,52.9750,0.1580,0.7239,5.6140
0.0645,0.9959,52.5906,0.2213,0.7477,12.2502
0.1353,0.9973,49.5858,0.1714,0.6919,12.7141
0.0902,0.9976,56.4512,0.1411,0.9842,3.3484
0.1072,0.9975,50.0319,0.1346,0.7082,12.5718
0.1118,0.9960,58.1312,0.1971,0.7759,5.3699
0.1233,0.9976,50.1443,0.2301,0.7668,10.9505
0.1516,0.9970,58.3377,0.2193,0.6450,10.3384
0.0444,0.9981,50.3328,0.0944,0.9744,3.7195
0.0812,0.9967,48.0996,0.1297,0.7096,10.3314
0.1330,0.9977,53.5923,0.2123,0.8207,1.0409
0.0607,0.9964,59.6287,0.2308,0.2743,5.1484
0.0424,0.9972,46.3487,0.3073,0.4538,15.9323
0.0460,0.9970,50.3142,0.0802,0.7482,36.6430
0.0691,0.9963,58.2442,0.1362,0.8033,7.6935
0.0899,0.9961,46.8382,0.2154,0.5744,14.7592
0.0367,0.9967,53.0886,0.1590,0.6693,10.9047
0.1048,0.9986,36.2888,0.1883,0.8244,6.7373
0.1072,0.9973,48.8449,0.1556,0.7650,6.3516
0.1391,0.9979,53.3041,0.2012,0.7613,5.9786
0.0453,0.9963,56.7997,0.1242,0.4813,27.8667
0.0573,0.9970,50.9276,0.1339,0.7911,12.5642
0.0547,0.9968,58.6479,0.2134,0.5757,11.6219
0.0624,0.9985,43.5038,0.0822,0.9891,19.3604
0.0759,0.9966,56.0464,0.1870,0.7551,6.9986
0.0651,0.9967,59.6471,0.1999,0.5388,14.3260
0.0416,0.9960,56.7927,0.1496,0.3647,13.9754
0.0622,0.9967,59.8033,0.1309,0.7944,19.7399
0.0814,0.9964,57.6666,0.2146,0.4194,11.5249
0.0847,0.9972,51.5526,0.2666,0.6914,12.8444
0.0520,0.9967,44.7033,0.1194,0.6935,30.3676
0.1002,0.9964,51.7554,0.1546,0.7789,8.7907
0.0886,0.9956,57.5977,0.1780,0.7862,2.9166
0.1371,0.9976,47.5701,0.1603,0.7916,2.6255
0.0721,0.9958,58.3636,0.2262,0.6812,15.5030
0.1409,0.9967,54.7420,0.2217,0.7425,10.4935
0.1259,0.9976,41.2752,0.1485,0.5729,5.8323
0.0902,0.9967,51.8959,0.1381,0.6620,19.0202
0.1404,0.9974,50.8999,0.2093,0.7791,8.9247
0.0631,0.9953,59.9778,0.1181,0.4884,16.7633
0.0867,0.9960,58.6287,0.2031,0.6755,16.5061
0.1294,0.9967,56.0145,0.1556,0.7215,12.9527
0.0660,0.9970,55.3927,0.2722,0.5694,6.7653
0.1774,0.9988,58.5170,0.1997,0.8579,2.7136
0.0885,0.9963,59.7315,0.1671,0.7895,7.8212
0.1141,0.9970,47.5080,0.1756,0.2616,12.3744
0.0768,0.9958,58.5573,0.2465,0.2353,27.5473
0.0373,0.9965,58.3057,0.1510,0.6666,8.1976
0.1887,0.9985,59.8909,0.2505,0.7669,10.0456
0.0556,0.9965,56.0737,0.1829,0.4333,20.3629
0.0826,0.9971,56.6567,0.2616,0.5849,5.9287
0.1064,0.9975,56.2841,0.1518,0.9073,8.2295
0.0465,0.9988,55.1459,0.1844,0.9728,9.9179
0.1425,0.9981,48.5416,0.2342,0.4499,10.0289
0.1489,0.9970,51.3584,0.1782,0.3444,8.1774
0.1035,0.9988,39.8618,0.1070,0.9940,15.9701
0.0664,0.9967,58.7178,0.2343,0.6129,8.2077
0.0717,0.9962,55.7499,0.1655,0.5253,11.5264
0.1220,0.9977,54.7389,0.1670,0.8878,4.7054
0.1470,0.9972,51.1482,0.1646,0.7776,9.6088
0.1275,0.9960,55.8641,0.2297,0.7745,10.3621
0.0960,0.9969,46.6046,0.1527,0.7154,6.9131
0.1099,0.9979,52.5501,0.2566,0.5511,0.5443
0.0968,0.9961,56.8207,0.1288,0.7779,0.3311
0.0557,0.9963,58.5708,0.1909,0.7183,13.6383
0.1683,0.9989,38.6046,0.1700,0.2753,6.1415
0.0778,0.9965,58.7038,0.2271,0.6985,2.2852
0.0937,0.9969,59.6761,0.3143,0.4371,0.8684
0.0625,0.9967,51.9081,0.1620,0.4861,15.8609
0.1795,0.9987,58.2533,0.2069,0.7861,6.1021
0.0821,0.9955,56.4030,0.1949,0.6131,12.0335
0.0655,0.9964,59.5455,0.3266,0.6232,1.7466
0.0981,0.9982,41.6812,0.1803,0.7178,5.6142
0.0528,0.9971,49.7270,0.1737,0.6869,1.9541
0.1028,0.9986,49.9186,0.1341,0.9852,4.0083
0.1117,0.9975,45.3353,0.1732,0.5691,14.2698
0.1440,0.9971,52.8344,0.1961,0.6730,6.7423
0.0583,0.9974,59.3184,0.1369,0.9774,5.4565
0.1533,0.9974,50.5072,0.1717,0.4472,0.7082
0.1011,0.9983,59.2183,0.1503,0.9617,5.1977
0.0830,0.9958,59.5735,0.1943,0.4775,27.0154
0.0676,0.9960,58.2438,0.1946,0.2304,30.9399
0.0972,0.9964,53.2249,0.1276,0.8035,8.4140
0.0640,0.9971,47.6788,0.1556,0.5739,11.5335
0.1048,0.9961,58.3537,0.1662,0.2810,26.2207
0.1276,0.9978,48.9045,0.2623,0.4366,2.7227
0.1236,0.9961,54.2801,0.1731,0.7096,8.2293
0.0909,0.9964,50.9352,0.2630,0.6893,15.1206
0.0950,0.9963,59.9289,0.2510,0.7501,12.1979
0.0967,0.9996,46.3359,0.1964,0.9936,2.4974
0.0981,0.9963,55.3627,0.3240,0.6542,0.5208
0.0860,0.9963,56.8969,0.1830,0.6640,8.0115
0.0687,0.9961,47.9734,0.2347,0.5650,5.7444
0.0758,0.9969,48.9355,0.2229,0.7553,1.4934
0.1327,0.9971,52.5447,0.2027,0.6914,1.2686
0.1385,0.9977,41.3316,0.1611,0.6317,56.3269
0.0761,0.9968,53.5578,0.1998,0.5737,13.4911
0.0318,0.9996,50.0662,0.2580,0.9737,6.1100
0.0959,0.9983,57.3409,0.1686,0.9894,21.3096
0.0875,0.9960,51.4554,0.0999,0.6626,13.8946
0.1355,0.9970,54.9003,0.2464,0.4515,9.0267
0.0692,0.9977,51.1680,0.2664,0.3159,3.7554
0.1050,0.9970,51.0295,0.1077,0.7145,14.6306
0.1046,0.9967,57.3636,0.2347,0.6742,1.0824
0.1488,0.9979,49.5493,0.1946,0.6172,9.3535
0.0682,0.9970,56.4325,0.2815,0.8112,5.0528
0.0546,0.9965,52.8434,0.2553,0.5131,4.7290
0.0474,0.9975,58.1103,0.0663,0.9934,28.6097
0.1420,0.9985,43.7823,0.1777,0.9267,7.2534
0.0847,0.9963,50.4717,0.1041,0.6103,10.4458
0.0684,0.9976,56.9462,0.2387,0.7026,25.2035
0.1405,0.9971,49.4108,0.1443,0.7222,13.8007
0.1370,0.9954,56.6363,0.1962,0.4814,17.0543
0.0520,0.9966,48.4868,0.1513,0.4318,4.0324
0.0975,0.9969,57.7560,0.2235,0.4689,3.1999
0.0960,0.9967,45.0177,0.2208,0.7871,10.2782
0.0514,0.9962,47.3413,0.2147,0.4912,15.5852
0.0881,0.9965,52.3854,0.1797,0.7991,7.9732
0.1192,0.9973,45.6515,0.1563,0.7395,9.9688
0.0847,0.9976,46.9359,0.1592,0.9269,5.4975
0.1350,0.9972,56.4808,0.2204,0.6278,12.2215
0.0797,0.9963,57.7040,0.2177,0.4775,9.4741
0.0914,0.9966,48.9306,0.1380,0.6465,1.1543
0.0912,0.9969,59.6339,0.1209,0.8160,11.6588
0.0626,0.9965,56.7750,0.2432,0.5809,16.7871
0.0856,0.9960,56.4413,0.1857,0.7199,13.8442
0.0754,0.9965,49.3490,0.1832,0.6440,12.0099
0.1431,0.9973,54.8440,0.2166,0.7215,2.7650
0.0879,0.9963,50.8955,0.1942,0.6387,8.4955
0.1494,0.9982,37.8177,0.2068,0.7232,11.3202
0.1204,0.9965,52.9295,0.2353,0.4767,12.2778
0.0880,0.9968,59.6683,0.1688,0.4944,4.4534
0.0267,0.9977,53.3580,0.1043,0.2689,4.7375
0.0863,0.9967,54.2733,0.1593,0.7984,9.6131
0.0564,0.9973,39.1550,0.1116,0.7243,18.6627
0.0628,0.9972,58.0390,0.2684,0.7024,2.0250
0.0564,0.9963,54.2296,0.2267,0.7413,6.9145
0.1295,0.9972,51.0308,0.2025,0.3562,0.5982
0.0612,0.9967,57.1944,0.1748,0.5265,14.8794
0.0727,0.9965,59.0601,0.2767,0.3480,7.2462
0.0991,0.9976,41.0945,0.1558,0.8666,12.9823
0.0472,0.9973,52.1883,0.2283,0.3302,16.3111
0.0660,0.9963,59.4956,0.2411,0.6951,1.8766
0.0828,0.9961,46.8728,0.1568,0.3759,28.7603
0.1282,0.9974,51.3396,0.1298,0.3552,30.5794
0.1101,0.9984,36.2666,0.1531,0.8248,3.7916
0.0372,0.9967,58.8064,0.1478,0.1179,13.0157
0.1063,0.9970,57.8198,0.2365,0.7685,4.8948
0.1302,0.9962,50.2522,0.1404,0.2904,20.8444
0.1048,0.9975,43.7654,0.1400,0.8622,7.3590
0.1221,0.9979,40.7702,0.1374,0.6374,4.5213
0.1572,0.9981,50.9359,0.2343,0.6037,3.4964
0.1396,0.9975,54.0747,0.1649,0.6331,0.3657
0.1172,0.9992,52.1034,0.1627,0.9918,7.7297
0.1378,0.9980,45.9574,0.1657,0.6977,0.5957
0.0869,0.9967,44.1989,0.1669,0.8063,6.0451
0.1452,0.9978,48.1097,0.1481,0.5397,35.6816
0.1363,0.9970,58.5425,0.2882,0.5726,1.4594
0.0956,0.9966,58.7087,0.1455,0.8338,2.5235
0.1342,0.9971,46.9578,0.1758,0.5472,4.8881
0.1014,0.9961,58.3719,0.1161,0.8083,13.7388
0.0535,0.9972,49.4774,0.1449,0.4666,43.1136
0.1299,0.9974,47.6820,0.1765,0.3725,11.0063
0.0867,0.9963,49.9006,0.1629,0.6091,2.1146
0.0988,0.9963,57.8783,0.1958,0.5954,7.0100
0.0687,0.9972,44.4423,0.2154,0.7003,6.4696
0.0691,0.9957,52.9714,0.1949,0.5975,13.4207
0.1038,0.9971,53.7511,0.1573,0.6612,10.7691
0.1570,0.9983,57.8138,0.2137,0.4773,10.8328
0.1189,0.9968,58.2063,0.2173,0.8182,11.2485
0.0621,0.9959,55.1236,0.1075,0.6415,24.9451
0.0614,0.9969,48.8415,0.1707,0.6212,3.2522
0.0646,0.9966,56.4520,0.1569,0.6830,10.9678
0.1176,0.9978,46.1040,0.2051,0.5087,12.8101
0.0753,0.9970,58.0996,0.1653,0.4841,14.6156
0.0720,0.9964,55.1047,0.2534,0.3525,5.8162
0.0838,0.9967,59.2439,0.1268,0.8478,0.7134
0.0245,0.9987,52.2640,0.0526,0.9932,2.3110
0.0996,0.9964,53.0518,0.1778,0.4693,26.7604
0.0972,0.9968,49.0584,0.1102,0.8411,0.1912
0.0804,0.9976,43.0132,0.0944,0.9888,15.4652
0.0938,0.9980,40.3763,0.1278,0.9926,0.9949
0.0674,0.9974,43.7207,0.1300,0.6909,14.7682
0.0444,0.9969,53.9383,0.3234,0.2032,7.7696
0.1518,0.9971,46.6449,0.1844,0.8223,9.0546
0.1640,0.9982,54.1594,0.2342,0.6319,9.7679
0.0639,0.9965,47.6396,0.1757,0.6022,6.8247
0.0431,0.9974,58.1098,0.1711,0.5476,5.3578
0.0645,0.9964,55.9596,0.2737,0.6384,0.9136
0.1471,0.9974,57.7223,0.1749,0.8147,10.2511
0.1050,0.9963,41.2269,0.1484,0.7449,8.3196
0.1666,0.9984,43.7410,0.1816,0.8271,0.6844
0.0616,0.9974,59.9592,0.0883,0.9729,12.0109
0.0625,0.9976,50.7021,0.2597,0.6963,12.4964
0.0429,0.9964,57.7358,0.1857,0.0664,12.8038
0.0900,0.9957,58.8110,0.0921,0.8455,7.2233
0.0870,0.9994,35.1557,0.1341,0.9893,9.9119
0.0870,0.9963,46.5965,0.2409,0.5224,6.9881
0.1342,0.9976,43.8168,0.1505,0.7821,3.7738
0.0634,0.9963,52.5106,0.2121,0.2834,18.3662
0.0608,0.9970,57.4047,0.2990,0.6494,3.9591
0.0903,0.9957,51.5301,0.1533,0.3150,10.1365
0.1209,0.9972,42.3943,0.1671,0.8974,5.3059
0.0716,0.9965,59.4513,0.2160,0.5604,9.7553
0.0986,0.9967,57.3597,0.2345,0.7428,0.4580
0.1423,0.9978,53.5905,0.2262,0.3572,2.2050
0.1251,0.9973,55.9761,0.1836,0.8477,15.7847
0.0710,0.9964,59.1497,0.3127,0.6772,11.1762
0.0604,0.9962,57.0480,0.2715,0.2423,19.9096
0.1053,0.9976,50.1699,0.2375,0.6933,13.3658
0.1263,0.9967,42.6279,0.1746,0.6196,5.3705
0.1289,0.9972,58.0991,0.3249,0.5350,1.7122
0.1031,0.9962,57.6165,0.2120,0.6967,3.8106
0.1185,0.9971,47.1804,0.1341,0.7325,9.3003
0.1069,0.9970,49.2268,0.1400,0.6636,14.9904
0.0807,0.9973,40.5874,0.1920,0.3757,12.3830
0.0642,0.9965,58.5174,0.0731,0.9877,7.1800
0.0974,0.9973,51.0417,0.1520,0.3449,0.1298
0.0903,0.9958,57.4151,0.1559,0.7852,6.7520
0.1530,0.9983,51.8729,0.2066,0.2821,12.0918
0.0991,0.9952,59.9983,0.2138,0.3490,2.4889
0.1303,0.9977,47.2227,0.1769,0.4109,6.7330
0.0696,0.9968,47.6149,0.2287,0.5240,11.3111
0.0189,0.9994,49.2147,0.0642,0.9814,27.4815
0.1324,0.9973,48.0693,0.1558,0.6535,0.4994
0.0882,0.9970,53.1102,0.1734,0.7406,4.8532
0.0645,0.9972,58.8414,0.2382,0.7505,8.5430
0.0801,0.9964,59.1064,0.1348,0.7960,8.1002
0.1071,0.9968,51.4042,0.2362,0.7450,11.5648
0.1633,0.9985,50.6559,0.1848,0.6524,9.7286
0.1113,0.9969,51.7366,0.1730,0.6330,6.2837
0.0408,0.9979,56.8470,0.0792,0.9609,6.2644
0.0610,0.9990,57.0933,0.1833,0.9781,16.1562
0.0930,0.9967,57.1444,0.1280,0.7266,11.4128
0.1259,0.9969,50.8189,0.1529,0.7008,6.9107
0.0865,0.9963,57.6828,0.1350,0.7543,15.6942
0.0864,0.9967,57.2502,0.1267,0.7861,4.3617
0.1027,0.9977,43.9237,0.1920,0.9500,1.2200
0.1505,0.9965,47.8115,0.1825,0.5820,6.9973
0.1495,0.9977,52.4067,0.2053,0.7842,1.1977
0.0411,0.9999,45.0007,0.1570,0.9875,15.8092
0.0977,0.9963,58.4168,0.1899,0.7116,2.3020
0.0555,0.9972,58.8386,0.2916,0.5322,14.0358
0.1162,0.9964,57.5301,0.2386,0.5773,8.6579
0.1079,0.9975,51.3688,0.1390,0.7956,7.1316
0.1020,0.9982,58.1047,0.3611,0.5562,2.4979
0.0936,0.9972,56.9577,0.2082,0.6835,3.7620
0.1533,0.9981,39.8522,0.1972,0.5815,8.5727
0.0529,0.9956,53.6974,0.1134,0.7438,12.7583
0.0909,0.9964,58.2320,0.1548,0.8343,8.3695
0.0619,0.9973,55.5916,0.2353,0.3739,15.1292
0.1068,0.9966,59.0673,0.2097,0.6537,5.1067
0.0814,0.9997,48.2643,0.2168,0.9851,15.5703
0.0764,0.9964,49.4098,0.1964,0.6444,2.6971
0.1725,0.9966,59.8158,0.2065,0.7174,2.2432
0.0911,0.9964,57.4293,0.1117,0.8991,3.9590
0.0446,0.9975,50.7556,0.1909,0.5306,6.5103
0.1008,0.9963,52.8034,0.1816,0.7242,8.1621
0.0989,0.9963,51.5786,0.1583,0.7933,8.7495
0.0611,0.9974,56.8933,0.1274,0.6166,14.4301
0.0915,0.9961,51.3227,0.0984,0.6118,9.3908
0.0692,0.9974,42.9443,0.1902,0.4141,7.9869
0.1207,0.9967,59.0378,0.2174,0.6448,0.7826
0.0840,0.9969,44.8124,0.1657,0.5819,11.0551
0.1058,0.9967,53.4332,0.2186,0.7555,9.0232
0.0592,0.9969,54.5046,0.1758,0.6211,10.9694
0.1150,0.9966,41.7244,0.1160,0.7740,6.1381
0.1076,0.9959,59.1201,0.1739,0.8043,6.4027
0.1090,0.9975,47.7916,0.1509,0.8223,7.7734
0.1219,0.9964,51.9537,0.1533,0.6388,8.0092
0.0968,0.9965,55.4871,0.1278,0.7017,2.9823
0.0813,0.9966,55.2559,0.1290,0.8137,5.4367
0.0680,0.9968,59.7718,0.2267,0.5296,8.0392
0.1010,0.9959,57.7549,0.1980,0.7979,5.8015
0.0953,0.9961,55.5279,0.2817,0.6724,11.9470
0.1457,0.9977,54.4184,0.2154,0.6195,9.7941
0.0941,0.9964,58.0674,0.3188,0.4046,3.4170
0.0939,0.9958,56.0113,0.1255,0.4344,20.0631
0.0923,0.9964,58.9563,0.2688,0.6886,2.8227
0.1117,0.9967,53.1487,0.1893,0.8568,0.7830
0.1031,0.9969,51.5652,0.1337,0.5217,5.7403
0.1731,0.9978,57.9393,0.2632,0.6285,8.5239
0.0873,0.9964,55.5342,0.2078,0.4344,18.8370
0.0984,0.9960,56.9176,0.1362,0.8730,11.6666
0.0461,0.9975,54.8534,0.1805,0.6146,20.7511
0.1033,0.9979,49.4916,0.2781,0.6591,3.4088
0.0720,0.9964,54.5356,0.2090,0.6792,8.0066
0.1354,0.9970,47.7549,0.1624,0.7859,8.0627
0.0491,0.9968,53.4378,0.1246,0.3833,28.2110
0.1197,0.9974,48.2880,0.1303,0.5826,7.1879
0.1331,0.9979,54.2563,0.2372,0.2047,7.2206
0.0525,0.9996,49.9116,0.1415,0.9880,12.6776
0.0810,0.9970,51.4294,0.2337,0.4802,0.8212
0.1244,0.9980,41.6608,0.2035,0.6952,12.3818
0.0481,0.9964,54.8967,0.1246,0.4051,59.7369
0.0647,0.9968,52.1927,0.2584,0.6212,2.2342
0.0885,0.9972,57.1828,0.3035,0.6138,6.9615
0.0400,0.9964,59.7860,0.2437,0.2577,35.1846
0.0331,0.9994,44.6548,0.1843,0.9720,17.4447
0.1540,0.9981,36.0314,0.1610,0.6626,1.9720
0.1018,0.9961,59.9939,0.1041,0.8395,1.9480
0.0848,0.9960,51.7062,0.2721,0.6099,9.0771
0.1028,0.9963,59.7362,0.2459,0.5703,16.1760
0.0818,0.9966,58.2463,0.2303,0.6167,13.9722
0.1580,0.9972,49.5351,0.1880,0.6525,12.6994
0.0711,0.9970,59.1446,0.2802,0.4527,6.5415
0.0843,0.9971,47.0752,0.1277,0.7749,13.1093
0.1081,0.9966,47.8239,0.1246,0.8802,12.6809
0.1350,0.9975,47.5414,0.1835,0.7443,9.1743
0.0847,0.9965,45.6620,0.1315,0.6498,4.3975
0.1390,0.9972,52.4146,0.1949,0.8257,1.7646
0.0400,0.9966,47.8229,0.0876,0.1225,21.2575
0.1001,0.9971,43.4087,0.1692,0.4306,19.3964
0.0953,0.9975,54.5125,0.2108,0.8059,6.4725
0.1452,0.9970,58.5763,0.2785,0.5573,7.1292
0.1430,0.9963,53.7413,0.1742,0.6111,14.8731
0.1182,0.9969,55.0252,0.1903,0.8031,14.8991
0.1388,0.9975,50.1456,0.2097,0.5435,5.0187
0.0986,0.9976,42.9277,0.1226,0.8687,8.8289
0.1307,0.9978,35.5782,0.1458,0.6825,1.7509
0.0899,0.9962,55.5219,0.2369,0.6213,3.6753
0.0717,0.9968,57.0556,0.1894,0.6437,13.9413
0.0863,0.9954,57.8834,0.2717,0.3964,8.6495
0.1055,0.9962,57.8336,0.1358,0.6580,27.7853
0.0550,0.9967,56.2420,0.2677,0.6705,5.9048
0.1425,0.9965,59.0971,0.1990,0.6522,12.5496
0.0530,0.9968,57.3490,0.2316,0.7140,5.4492
0.0999,0.9969,49.1713,0.2160,0.7883,5.0148
0.0454,0.9985,59.9859,0.0631,0.9881,25.0093
0.1078,0.9962,55.7542,0.1822,0.8689,4.1487
0.1301,0.9983,36.9961,0.1720,0.6708,11.2712
0.0861,0.9966,45.7254,0.1626,0.7610,6.3905
0.0977,0.9970,42.4939,0.1987,0.6057,5.1030
0.0713,0.9969,57.9489,0.2011,0.5006,17.6347
0.1098,0.9964,52.7078,0.2041,0.8263,3.2989
0.0682,0.9963,55.7968,0.1175,0.6960,8.4077
0.0339,0.9974,48.9655,0.2619,0.0533,15.9328
0.0973,0.9969,59.6364,0.2717,0.2022,1.4682
0.0473,0.9971,41.3545,0.1809,0.6812,9.0320
0.1614,0.9975,48.0427,0.1688,0.8480,1.9053
0.0982,0.9971,41.4734,0.1937,0.8121,9.2467
0.0756,0.9966,57.7044,0.1757,0.4001,12.3793
0.1258,0.9966,51.4228,0.2414,0.6562,5.6964
0.0574,0.9992,43.0639,0.1134,0.9945,10.7506
0.0749,0.9970,49.6517,0.2880,0.4547,12.4443
0.1583,0.9977,56.1168,0.1753,0.7786,7.0142
0.0321,0.9976,49.7525,0.0345,0.9909,14.8535
0.1251,0.9978,48.7235,0.1588,0.1153,7.5991
0.1451,0.9982,47.5260,0.2476,0.5374,1.1682
0.1149,0.9979,51.3209,0.2475,0.6263,1.1966
0.0387,0.9969,47.2485,0.0807,0.7827,14.3769
0.1231,0.9974,49.6964,0.1268,0.8878,5.0728
0.0345,0.9972,54.9032,0.1109,0.4708,59.0087
0.1333,0.9959,56.0146,0.1529,0.6142,5.6815
0.0672,0.9968,45.3429,0.1896,0.6679,16.9233
0.1027,0.9975,48.6996,0.2361,0.4735,11.6539
0.0729,0.9960,56.9403,0.1625,0.8007,7.8542
0.0676,0.9964,58.5575,0.2071,0.6638,13.2809
0.0947,0.9987,47.5104,0.1403,0.9943,8.0927
0.0812,0.9964,59.4749,0.2269,0.7602,8.5311
0.0595,0.9958,59.6555,0.2131,0.7535,0.8759
0.0843,0.9959,51.2393,0.1120,0.7742,6.6735
0.1554,0.9973,56.9707,0.3019,0.5018,7.4583
0.1390,0.9957,58.6089,0.1611,0.7110,14.2396
0.0791,0.9973,57.8489,0.1412,0.9414,11.3202
0.0461,0.9967,58.7628,0.0642,0.9835,21.7009
0.0557,0.9965,54.2145,0.2287,0.6369,8.2048
0.0866,0.9970,56.6398,0.3136,0.5566,6.9128
0.1052,0.9969,54.8479,0.2435,0.6359,7.2460
0.0858,0.9966,57.1845,0.1547,0.6359,9.6416
0.0514,0.9960,50.9045,0.2038,0.2478,17.1272
0.0559,0.9956,57.3703,0.1044,0.4641,28.8452
0.1207,0.9972,54.8562,0.2503,0.6029,3.9226
0.1216,0.9972,42.2243,0.1245,0.2938,31.2444
0.1306,0.9967,54.9709,0.2102,0.7412,8.6613
0.0384,0.9973,56.6400,0.2220,0.1753,5.7796
0.1075,0.9968,57.4706,0.1570,0.6037,11.0550
0.1029,0.9976,50.7202,0.2587,0.2496,8.1659
0.1511,0.9975,55.0642,0.1637,0.8866,5.4930
0.1446,0.9973,56.4239,0.2345,0.8856,8.2380
0.1173,0.9978,51.9429,0.1698,0.5233,13.2930
0.1328,0.9977,57.7442,0.1887,0.6212,11.7221
0.1164,0.9957,53.8965,0.2835,0.8256,8.6028
0.1125,0.9969,58.0503,0.2389,0.8980,1.9638
0.1502,0.9973,52.4646,0.2272,0.7750,2.8446
0.0787,0.9981,54.3042,0.3097,0.5208,1.5370
0.0538,0.9964,58.6189,0.2244,0.2034,15.1506
0.1016,0.9964,56.9606,0.1417,0.5646,3.2202
0.0821,0.9993,52.5730,0.1478,0.9919,8.5442
0.0726,0.9974,39.6269,0.1702,0.3894,15.3591
0.1455,0.9966,48.1539,0.2896,0.7227,9.7039
0.0827,0.9960,58.8679,0.2492,0.6351,6.1613
0.0721,0.9963,58.5980,0.2209,0.5569,13.8485
0.0775,0.9968,59.2422,0.1739,0.6268,10.3591
0.0936,0.9963,58.1763,0.1620,0.8419,9.0101
0.0480,0.9965,57.8414,0.2608,0.4133,2.1551
0.0576,0.9960,58.7045,0.1685,0.5978,33.1611
0.0833,0.9976,51.7583,0.2152,0.5932,10.8763
0.0570,0.9970,53.0218,0.2048,0.2739,4.3315
0.0923,0.9971,48.5972,0.1463,0.5711,4.8021
0.1172,0.9969,57.1281,0.2371,0.6124,0.3760
0.0485,0.9971,48.1574,0.1024,0.6446,2.8043
0.1343,0.9975,57.6566,0.1377,0.8353,19.8024
0.0708,0.9960,47.3635,0.1934,0.5972,7.2083
0.0603,0.9967,58.2398,0.2185,0.5443,8.0179
0.1221,0.9975,54.9007,0.2877,0.7091,7.4263
0.0384,0.9970,45.3285,0.1041,0.3426,34.4546
0.0956,0.9977,44.0882,0.3051,0.5467,7.8619
0.0940,0.9974,49.0512,0.1754,0.6264,0.3114
0.0651,0.9963,53.4226,0.1897,0.4116,20.1569
0.0806,0.9964,54.4770,0.1731,0.7587,15.4944
0.0933,0.9969,48.7761,0.2214,0.4029,8.2617
0.0823,0.9962,57.9159,0.2202,0.6075,4.2073
0.0704,0.9960,55.8828,0.2863,0.5955,17.3422
0.0743,0.9961,48.7845,0.0818,0.7014,4.7665
0.1154,0.9972,58.9347,0.1605,0.7354,7.4837
0.1426,0.9977,52.7627,0.1918,0.7326,5.8966
0.1006,0.9965,44.9303,0.1311,0.2168,15.8734
0.0584,0.9967,56.8629,0.2779,0.5656,0.1253
0.1348,0.9978,49.9012,0.2483,0.5044,7.7818
0.0451,0.9966,48.6661,0.0725,0.5224,14.5127
0.0423,0.9964,49.9049,0.2120,0.2868,2.0029
0.0692,0.9975,56.0526,0.2536,0.4540,6.5290
0.0708,0.9964,54.5677,0.1317,0.3827,10.8341
0.0727,0.9970,55.2327,0.2501,0.6510,9.1912
0.0352,0.9974,59.2601,0.2146,0.1548,3.6381
0.1106,0.9969,53.5663,0.1726,0.6832,5.6651
0.0921,0.9980,54.7637,0.2353,0.6991,5.0843
0.0765,0.9964,52.4660,0.2241,0.6817,9.6529
0.0643,0.9967,53.2512,0.2376,0.4059,6.3986
0.0701,0.9968,46.7656,0.1840,0.3594,17.7959
0.1382,0.9965,45.9772,0.2031,0.3420,12.8751
0.1123,0.9973,55.0924,0.2034,0.7899,8.2909
0.0890,0.9964,57.8117,0.1601,0.4213,0.3840
0.0792,0.9971,53.9811,0.1697,0.5640,7.8392
0.1299,0.9969,59.8182,0.2455,0.2402,3.7352
0.1438,0.9980,53.9710,0.2532,0.4263,8.7450
0.0468,0.9965,49.9977,0.2011,0.5522,13.1667
0.0760,0.9967,49.7014,0.1184,0.3996,39.3111
0.1077,0.9971,57.8504,0.3692,0.6841,9.9929
0.1361,0.9978,53.6214,0.2299,0.4919,5.1484
0.0840,0.9957,57.0032,0.2280,0.6489,11.0716
0.1192,0.9969,58.0514,0.1847,0.7800,11.9359
0.0540,0.9972,47.2934,0.1364,0.6670,2.7213
0.0867,0.9970,56.1775,0.1559,0.9470,11.6078
0.1310,0.9967,47.2430,0.1612,0.4777,11.9548
0.1241,0.9985,49.1896,0.1616,0.5306,0.4865
0.1222,0.9969,58.0944,0.1539,0.8457,2.1256
0.0731,0.9960,56.9116,0.2258,0.6356,4.9575
0.0789,0.9975,50.7618,0.2213,0.8148,6.9305
0.1374,0.9976,49.9790,0.1450,0.2230,2.2597
0.1140,0.9972,45.6668,0.2561,0.6374,2.8296
0.1167,0.9972,50.3876,0.1564,0.8064,11.0248
0.0676,0.9991,52.6554,0.1635,0.9761,0.8388
0.1064,0.9972,55.6552,0.2565,0.7340,7.3258
0.0597,0.9964,51.4221,0.1126,0.5433,6.5178
0.0986,0.9968,58.6357,0.1803,0.6163,0.1022
0.1129,0.9972,54.5797,0.1757,0.6456,1.1566
0.1496,0.9978,50.5569,0.2482,0.6331,1.3003
0.1346,0.9972,43.2642,0.1742,0.7163,6.6866
0.1109,0.9965,59.2588,0.2709,0.5326,7.5741
0.0323,0.9999,55.6145,0.1679,0.9909,18.3150
0.1514,0.9984,49.3607,0.2428,0.7344,4.1720
0.0663,0.9969,47.9264,0.1412,0.6955,10.2643
0.0939,0.9976,54.5269,0.2862,0.6610,7.9951
0.1301,0.9975,51.9920,0.1843,0.7128,11.2917
0.0603,0.9981,47.8522,0.1114,0.9946,2.2296
0.1575,0.9982,46.7152,0.1706,0.8806,7.3177
0.1236,0.9971,54.3607,0.1897,0.6528,12.2152
0.0599,0.9971,42.9328,0.2399,0.4771,12.0751
0.0626,0.9973,53.6083,0.1978,0.4684,15.8195
0.0469,0.9968,52.5373,0.1685,0.4100,18.8104
0.0843,0.9971,56.5503,0.1391,0.6990,16.4851
0.0638,0.9973,53.7914,0.0995,0.9892,7.3289
0.0897,0.9979,42.1529,0.1629,0.7867,7.5951
0.1103,0.9965,54.4146,0.1531,0.4982,10.1426
0.0973,0.9984,54.1944,0.1122,0.9875,10.1201
0.0621,0.9974,47.4023,0.1777,0.5318,16.8497
0.1436,0.9970,57.4199,0.1641,0.8276,12.5376
0.1586,0.9974,54.2664,0.2276,0.6869,1.0690
0.1330,0.9970,54.9306,0.1373,0.7096,9.4017
0.0551,0.9975,53.0003,0.1741,0.2815,20.9282
0.0997,0.9972,53.6691,0.2457,0.5139,9.4912
0.0924,0.9967,49.9411,0.1545,0.8864,6.1460
0.0758,0.9970,56.7201,0.2537,0.8013,3.8763
0.0590,0.9970,46.3989,0.0893,0.5823,35.4153
0.0660,0.9964,58.3732,0.1856,0.3598,14.1590
0.0788,0.9966,54.1901,0.2076,0.8241,1.5790
0.0890,0.9969,48.6597,0.2087,0.5321,9.5025
0.0384,0.9993,57.0026,0.2361,0.9534,15.9863
0.1126,0.9974,56.3994,0.2147,0.5062,12.2643
0.0701,0.9966,52.8105,0.1387,0.8530,10.1769
0.1409,0.9982,48.2888,0.2473,0.6337,0.6519
0.1463,0.9982,47.5128,0.1500,0.7056,8.5097
0.1096,0.9974,47.1458,0.1888,0.5706,20.5408
0.1274,0.9982,41.6068,0.1831,0.7780,1.3590
0.1478,0.9966,55.4108,0.2223,0.5860,5.5168
0.0610,0.9966,57.6881,0.1424,0.7189,24.2445
0.1176,0.9968,59.9156,0.1719,0.8683,6.3438
0.1387,0.9976,51.9574,0.2085,0.6018,3.7334
0.0898,0.9971,54.7385,0.2458,0.6162,14.3247
0.1715,0.9971,54.2401,0.1774,0.8231,4.4734
0.1281,0.9986,45.8346,0.2101,0.6123,9.5570
0.0606,0.9964,57.7796,0.1778,0.5371,0.1425
0.0798,0.9971,56.4680,0.2185,0.6620,10.6298
0.1323,0.9967,58.4249,0.2329,0.8099,2.3657
0.0330,0.9985,48.8238,0.1273,0.9733,2.0662
0.0858,0.9967,59.2565,0.1066,0.7250,56.0892
0.0987,0.9980,46.9199,0.1458,0.9589,8.0222
0.0768,0.9970,52.5848,0.2774,0.5265,9.2949
0.0823,0.9973,49.0692,0.2298,0.6220,3.1687
0.1059,0.9971,59.7101,0.2415,0.5504,8.2265
0.1630,0.9984,58.8773,0.3494,0.5906,1.7868
0.1654,0.9969,57.9121,0.2130,0.7772,10.9918
0.1007,0.9969,51.2621,0.1480,0.6536,10.2152
0.0976,0.9970,51.2845,0.1788,0.6600,19.5829
0.0432,0.9962,53.7960,0.2193,0.6047,19.0391
0.1303,0.9974,53.2677,0.2075,0.7758,10.2621
0.0957,0.9963,48.3623,0.1372,0.3608,11.4048
0.1594,0.9973,50.9898,0.1912,0.6429,10.0513
0.1291,0.9978,50.9572,0.2269,0.6901,3.0969
0.0875,0.9974,50.4613,0.1175,0.9570,6.3842
0.0694,0.9969,59.7854,0.1786,0.2695,3.9719
0.1339,0.9981,45.3571,0.1503,0.5535,12.7343
0.1243,0.9969,43.2148,0.1717,0.8027,14.7661
0.1343,0.9969,51.1758,0.1841,0.7994,11.3200
0.1534,0.9983,56.8080,0.2428,0.4350,3.9015
0.1203,0.9976,53.8124,0.1262,0.6183,11.9046
0.1028,0.9965,59.3550,0.2006,0.5401,31.3984
0.1337,0.9982,56.1249,0.1526,0.4847,15.9072
0.1387,0.9963,52.2150,0.1747,0.5398,10.1359
0.0670,0.9966,51.5055,0.2786,0.5764,21.3010
0.0969,0.9967,57.7898,0.1538,0.8817,15.2937
0.0435,0.9967,59.8174,0.2112,0.4262,24.4282
0.0873,0.9981,58.9224,0.1954,0.9881,1.6812
0.1059,0.9965,54.3702,0.2348,0.7621,1.2056
0.0409,0.9973,48.9448,0.1650,0.7262,25.3050
0.1227,0.9974,52.9728,0.1695,0.8344,11.2255
0.0676,0.9992,53.5961,0.1389,0.9874,10.2875
0.0918,0.9976,54.2193,0.1284,0.7329,9.1624
0.1416,0.9973,57.3692,0.2608,0.6389,7.7288
0.0797,0.9955,56.8088,0.1901,0.5468,7.0417
0.1036,0.9969,50.6265,0.3130,0.1941,8.1486
0.0765,0.9970,52.8007,0.2368,0.7750,9.3782
0.0908,0.9964,55.2453,0.2017,0.4589,0.1201
0.1542,0.9983,43.9110,0.1684,0.8001,14.8479
0.0649,0.9965,54.2060,0.2563,0.2913,8.0990
0.0707,0.9970,59.4904,0.2773,0.6479,16.1562
0.0741,0.9960,54.4063,0.1360,0.6417,3.5840
0.1707,0.9975,46.0257,0.1846,0.2889,0.3742
0.1127,0.9968,50.1383,0.1935,0.7428,12.7318
0.1331,0.9968,48.2754,0.2001,0.7066,2.1939
0.1039,0.9978,54.0984,0.2256,0.6320,1.5393
0.1157,0.9975,57.8505,0.2512,0.7680,7.3326
0.0582,0.9965,52.5488,0.1978,0.5895,24.7897
0.1139,0.9960,59.2846,0.1953,0.8025,18.9837
0.0751,0.9987,59.2045,0.1952,0.9823,6.2631
0.1138,0.9971,53.1473,0.1899,0.7173,15.0408
0.0640,0.9958,59.7711,0.2253,0.4423,26.5508
0.1283,0.9974,48.1526,0.1743,0.7594,5.2527
0.0752,0.9963,59.5907,0.1784,0.7038,19.9558
0.0740,0.9968,48.0601,0.1801,0.4369,7.0596
0.0690,0.9967,52.4682,0.1139,0.4660,21.2144
0.1304,0.9967,54.9980,0.1568,0.2271,19.9918
0.0916,0.9964,58.6560,0.2318,0.7178,5.9252
0.1061,0.9964,55.0050,0.2056,0.6348,4.2018
0.0436,0.9964,54.0180,0.1637,0.3274,1.6175
0.1155,0.9971,59.7531,0.1658,0.7930,1.5090
0.0646,0.9961,58.4797,0.3425,0.5080,3.9768
0.0840,0.9971,56.3414,0.3178,0.5156,4.3521
0.1569,0.9977,58.6379,0.2247,0.8469,12.8752
0.0636,0.9964,58.2713,0.2015,0.6816,11.3836
0.0744,0.9963,53.7003,0.1930,0.3823,6.1889
0.0816,0.9965,57.0705,0.2115,0.3116,3.6142
0.1579,0.9982,57.7159,0.1611,0.6309,6.5466
0.0719,0.9969,48.6690,0.0784,0.9863,4.2598
0.0916,0.9969,58.9939,0.1911,0.6920,7.4919
0.1290,0.9971,53.7490,0.1766,0.4199,9.7271
0.0983,0.9987,55.8737,0.1944,0.9880,13.6197
0.1390,0.9968,59.8543,0.2790,0.6687,10.7814
0.0642,0.9995,47.9121,0.1301,0.9884,25.2369
0.1313,0.9969,56.8520,0.2171,0.3714,9.4713
0.0693,0.9963,55.4151,0.1748,0.5210,13.4060
0.0914,0.9973,56.9932,0.2866,0.4363,5.2163
0.1301,0.9965,53.0657,0.1441,0.6658,6.6630
0.0953,0.9971,52.3044,0.1093,0.9806,0.2274
0.1659,0.9988,37.9229,0.2143,0.7559,4.5340
0.0702,0.9964,46.5127,0.1246,0.7528,15.8612
0.0608,0.9969,59.0412,0.3537,0.5270,10.4802
0.1612,0.9978,47.0211,0.2321,0.8015,6.5932
0.0804,0.9966,53.7350,0.1878,0.3862,4.8715
0.1153,0.9975,48.3169,0.1802,0.7881,4.7837
0.0834,0.9962,59.2492,0.2011,0.6256,10.7708
0.0759,0.9963,47.1186,0.2068,0.3335,8.1924
0.0700,0.9961,53.3833,0.1680,0.5619,13.2938
0.0642,0.9969,58.2645,0.2379,0.6242,8.4330
0.0477,0.9973,46.7051,0.1037,0.4100,15.9938
0.0841,0.9964,41.4307,0.1633,0.5339,10.9695
0.0839,0.9975,59.0232,0.1914,0.8355,1.2104
0.0773,0.9962,59.2946,0.2266,0.6391,15.6398
0.1209,0.9981,46.3668,0.1288,0.3826,6.0448
0.1060,0.9981,46.8149,0.3280,0.4398,5.4632
0.1337,0.9969,48.7814,0.1615,0.6524,5.9804
0.0858,0.9969,53.4891,0.2170,0.6729,6.4329
0.0667,0.9963,47.7658,0.1733,0.7850,5.4087
0.0770,0.9969,53.7398,0.1164,0.7560,12.1438
0.0882,0.9959,59.1629,0.0966,0.9940,17.5889
0.0577,0.9973,42.4769,0.0965,0.6880,10.4122
0.1044,0.9964,48.9180,0.2360,0.5758,1.9922
0.0707,0.9970,57.5944,0.2347,0.5544,17.3803
0.0913,0.9961,54.5178,0.2199,0.8099,10.1979
0.1125,0.9972,57.3908,0.2250,0.6841,4.3657
0.0297,0.9986,51.7052,0.1001,0.9876,17.2298
0.1142,0.9972,42.2224,0.1739,0.6386,8.8332
0.1218,0.9969,46.5538,0.1292,0.5489,4.3902
0.1631,0.9976,53.7963,0.2147,0.5900,0.0786
0.0598,0.9964,42.0302,0.1039,0.4249,9.8566
0.0765,0.9966,53.8955,0.1717,0.6160,10.8536
0.0899,0.9970,53.7907,0.2543,0.5471,10.9405
0.0950,0.9964,51.5107,0.2205,0.7048,2.0853
0.0973,0.9965,58.4722,0.1644,0.6875,11.6648
0.0567,0.9958,53.7933,0.1336,0.5647,3.7974
0.1464,0.9978,47.6502,0.3392,0.6226,3.5397
0.0630,0.9953,58.7749,0.1803,0.5275,16.8451
0.0505,0.9966,58.4766,0.2246,0.5105,24.6375
0.1105,0.9969,59.6934,0.2579,0.7064,10.8357
0.0559,0.9972,47.7979,0.2229,0.6273,12.7309
0.1283,0.9965,58.3014,0.1795,0.7924,6.6166
0.1406,0.9976,48.7638,0.1879,0.5081,21.6653
0.0773,0.9961,57.0784,0.2339,0.5417,9.7270
0.0794,0.9970,54.7065,0.1674,0.7581,12.2315
0.1519,0.9987,47.8900,0.2046,0.7539,3.3761
0.1039,0.9965,56.9377,0.1283,0.6940,7.3868
0.1403,0.9962,58.4771,0.1816,0.7255,4.3597
0.0963,0.9968,46.4148,0.1809,0.3230,11.0690
0.0903,0.9962,53.4677,0.1893,0.6518,16.4970
0.0573,0.9969,52.2936,0.2581,0.2695,24.1097
0.0597,0.9986,41.6814,0.1048,0.9901,17.0781
0.0992,0.9983,34.5228,0.1460,0.9641,6.9710
0.0529,0.9962,58.4021,0.1757,0.8156,19.2414
0.1397,0.9978,53.0971,0.1794,0.5016,0.8915
0.1050,0.9976,55.6652,0.2090,0.6575,4.4189
0.1289,0.9971,48.7124,0.1944,0.7743,5.5024
0.1008,0.9971,44.8825,0.1869,0.7905,0.6883
0.1023,0.9970,59.9929,0.1324,0.7397,10.0527
0.1096,0.9964,55.7413,0.1861,0.4767,15.8391
0.0715,0.9963,57.8074,0.1614,0.6990,14.9903
0.1191,0.9967,49.6430,0.1884,0.3789,23.0928
0.0805,0.9961,45.1681,0.0880,0.6664,0.0561
0.0857,0.9967,56.5061,0.1953,0.6201,16.1108
0.1219,0.9974,45.9394,0.1465,0.6812,13.1447
0.0464,0.9968,50.6968,0.1503,0.6856,8.3824
0.1188,0.9971,50.4112,0.1284,0.1858,5.6783
0.1113,0.9969,53.4960,0.1986,0.4781,1.4846
0.0488,0.9963,51.0333,0.1512,0.3058,17.0698
0.0328,0.9973,52.0190,0.0604,0.9917,8.8273
0.1364,0.9974,47.0415,0.1743,0.7529,8.1298
0.0806,0.9957,53.5438,0.1722,0.6378,2.5861
0.0632,0.9971,57.7156,0.2664,0.5998,4.9851
0.0758,0.9962,56.5118,0.1519,0.6633,14.3889
0.1150,0.9963,47.6407,0.1637,0.5521,5.9672
0.1150,0.9978,52.8315,0.3137,0.4276,1.0379
0.0719,0.9971,59.4935,0.2289,0.6613,15.8915
0.0630,0.9961,51.4196,0.1642,0.7302,12.8860
0.1015,0.9970,52.1080,0.1509,0.9445,2.3518
0.1139,0.9970,50.8287,0.2715,0.5075,18.9087
0.1392,0.9979,52.3347,0.2371,0.6893,9.6201
0.0722,0.9964,45.4011,0.1910,0.6586,19.0142
0.0569,0.9965,59.3108,0.2081,0.6855,7.1776
0.1430,0.9976,40.3777,0.1570,0.5951,6.0058
0.1266,0.9968,46.5567,0.2401,0.3149,3.7140
0.0679,0.9963,49.7719,0.1807,0.6425,11.6078
0.0809,0.9955,59.5692,0.1933,0.6811,0.8519
0.1194,0.9964,59.3044,0.1499,0.8604,5.9226
0.1308,0.9970,44.5108,0.1414,0.8297,1.3004
0.0820,0.9974,54.9425,0.1097,0.7644,15.8239
0.1382,0.9982,51.8055,0.2089,0.6551,8.8721
0.0635,0.9967,46.0263,0.0940,0.8039,4.1761
0.0686,0.9976,46.3916,0.0881,0.9864,11.4396
0.0932,0.9977,55.0587,0.1307,0.9812,14.6301
0.1479,0.9979,48.9625,0.1845,0.4256,2.8899
0.0441,0.9979,57.8212,0.1700,0.6941,26.8622
0.0481,0.9966,57.5054,0.2574,0.4808,19.7906
0.1101,0.9964,47.9016,0.1512,0.6146,13.1658
0.1432,0.9973,48.9754,0.1732,0.5477,10.7717
0.1209,0.9977,46.0537,0.1864,0.3939,11.6747
0.0754,0.9972,57.9502,0.3027,0.3304,15.3804
0.1288,0.9978,55.9902,0.2341,0.7826,2.6951
0.1057,0.9963,53.0510,0.1266,0.5575,15.3961
0.0718,0.9973,58.3222,0.3814,0.4279,5.9049
0.1544,0.9975,55.0226,0.2233,0.5721,1.2052
0.0734,0.9966,49.2609,0.2471,0.5819,9.4365
0.1402,0.9969,57.2156,0.2138,0.6053,9.5227
0.0505,0.9972,53.0583,0.1466,0.8670,0.2583
0.1509,0.9975,48.0599,0.1753,0.8461,4.5094
0.0865,0.9968,56.5869,0.1387,0.9077,4.9193
0.0925,0.9969,59.2839,0.3257,0.6205,18.1055
0.0855,0.9960,52.8297,0.2538,0.6637,7.7763
0.0892,0.9974,52.3251,0.2149,0.6263,2.1156
0.1177,0.9978,49.3208,0.1572,0.7663,8.7547
0.0590,0.9970,46.8331,0.1869,0.4990,36.6837
0.1415,0.9974,43.1438,0.2780,0.7323,0.5059
0.0667,0.9995,50.2747,0.1188,0.9951,13.0064
0.0445,0.9971,58.0177,0.2016,0.4399,14.7638
0.0739,0.9973,54.2811,0.2500,0.4904,8.9470
0.0773,0.9965,59.5155,0.2886,0.6940,14.8971
0.0556,0.9978,50.5153,0.0812,0.9915,2.2444
0.1145,0.9977,37.1686,0.2123,0.5165,7.2417
0.1121,0.9973,53.2559,0.1577,0.5405,8.5350
0.0290,0.9972,59.4710,0.1238,0.5349,55.2977
0.0828,0.9967,45.2117,0.1346,0.7675,6.8066
0.0721,0.9970,59.4875,0.2622,0.8300,9.1691
0.1017,0.9963,51.9485,0.1386,0.6440,3.2207
0.0479,0.9974,59.6875,0.2884,0.4131,0.0979
0.0901,0.9965,53.3656,0.2422,0.6808,10.2305
0.0789,0.9968,55.9410,0.1313,0.8364,11.9245
0.0860,0.9962,54.1321,0.1689,0.4334,20.7275
0.0544,0.9960,58.3373,0.2348,0.6022,2.1410
0.0928,0.9969,55.0193,0.2711,0.7577,6.5703
0.0633,0.9977,57.8917,0.1980,0.8145,20.5801
0.0687,0.9968,51.0905,0.2304,0.7173,2.2742
0.1393,0.9970,49.3186,0.1709,0.6308,7.3182
0.0756,0.9970,48.8168,0.2093,0.5358,10.5161
0.1137,0.9966,50.0098,0.3025,0.7957,1.6509
0.1438,0.9968,43.2969,0.1535,0.7580,2.7783
0.0698,0.9967,55.5776,0.1924,0.8103,0.0283
0.1146,0.9972,41.7050,0.1642,0.8126,1.8199
0.0852,0.9965,59.4100,0.2117,0.5554,14.7688
0.1213,0.9960,59.5613,0.1552,0.5285,10.1975
0.1029,0.9960,57.3265,0.2220,0.8725,11.0701
0.0727,0.9961,52.6186,0.2284,0.6232,6.8838
0.1253,0.9961,46.8772,0.1555,0.7407,0.5271
0.0854,0.9963,58.9325,0.2167,0.1733,0.7779
0.0539,0.9977,51.9146,0.0907,0.9870,11.3518
0.0759,0.9966,50.3757,0.1667,0.6800,7.9994
0.0967,0.9969,50.8066,0.1612,0.7451,7.5284
0.1106,0.9977,40.8317,0.1753,0.8092,8.3610
0.0992,0.9968,53.2825,0.2066,0.5770,4.2148
0.1078,0.9976,48.6042,0.2012,0.7134,4.9014
0.1108,0.9968,53.6614,0.1275,0.7950,0.1712
0.0616,0.9970,34.5475,0.0991,0.4036,30.3654
0.0701,0.9963,51.2372,0.1933,0.4859,9.7784
0.0653,0.9965,57.8051,0.2702,0.3134,17.1132
0.0591,0.9971,59.3586,0.2268,0.4005,12.6185
0.1455,0.9973,59.7024,0.1688,0.4264,0.6031
0.0976,0.9970,46.0916,0.1083,0.6269,1.7524
0.1377,0.9979,48.1448,0.2275,0.3657,3.2244
0.0852,0.9948,59.6003,0.1584,0.6722,12.3875
0.1059,0.9972,52.2413,0.1956,0.7837,12.8590
0.1077,0.9979,53.5302,0.1507,0.9862,16.1865
0.0819,0.9959,54.2983,0.2458,0.6510,9.9795
0.1507,0.9980,59.4338,0.2037,0.3600,6.5316
0.1197,0.9973,58.9933,0.2717,0.0740,4.0477
0.0704,0.9963,56.2369,0.1249,0.8068,6.0392
0.1432,0.9979,59.2260,0.3366,0.6029,1.9375
0.0502,0.9963,58.8232,0.1542,0.6156,5.1237
0.0843,0.9972,55.2236,0.2440,0.5772,4.4455
0.0803,0.9969,47.6182,0.1534,0.8824,2.2463
0.1122,0.9953,58.9797,0.1323,0.6681,8.7758
0.1368,0.9968,54.2748,0.1997,0.8095,4.5728
0.0668,0.9972,45.5382,0.1636,0.7323,3.6974
0.0963,0.9973,57.9330,0.2953,0.6154,8.0012
0.1254,0.9971,54.3754,0.3301,0.5277,1.6194
0.1002,0.9972,48.1149,0.1378,0.7578,2.2990
0.0774,0.9972,52.5989,0.1980,0.6459,1.2520
0.0764,0.9970,41.6870,0.1815,0.5693,16.5137
0.0935,0.9969,47.9428,0.1573,0.7213,13.1160
0.1683,0.9988,41.0417,0.1850,0.3216,7.6501
0.0835,0.9958,48.6528,0.1687,0.4473,6.1508
0.0870,0.9967,56.4697,0.2387,0.7474,9.0849
0.0534,0.9973,50.4201,0.1807,0.7639,2.0395
0.1504,0.9982,51.4912,0.1954,0.6558,7.3099
0.0244,0.9975,58.7465,0.0823,0.9946,21.1636
0.1535,0.9983,57.7618,0.2301,0.7134,4.4813
0.1700,0.9995,36.1979,0.2188,0.2581,12.1317
0.0686,0.9965,54.2140,0.2817,0.6208,8.6106
0.1266,0.9970,59.8996,0.2244,0.5133,4.2938
0.1340,0.9964,55.7722,0.1547,0.6078,12.1258
0.0632,0.9962,59.6450,0.1720,0.7586,22.1745
0.1012,0.9965,58.4117,0.2620,0.7282,8.6302
0.1222,0.9970,57.8225,0.1673,0.7698,5.7054
0.1353,0.9975,47.3672,0.1422,0.7199,6.4508
0.0866,0.9968,47.8881,0.1281,0.6104,7.8061
0.0828,0.9973,52.4076,0.2194,0.5592,4.3583
0.1519,0.9973,55.0704,0.2683,0.5221,11.8026
0.1288,0.9969,53.6182,0.1854,0.7277,8.6197
0.1464,0.9978,58.4174,0.3620,0.6840,0.4084
0.1219,0.9972,44.4911,0.2509,0.4564,9.0602
0.0822,0.9965,46.8690,0.2078,0.5898,4.5734
0.0336,0.9998,57.1930,0.2353,0.9824,9.6420
0.0684,0.9960,56.8937,0.1681,0.8107,1.2447
0.0430,0.9966,52.7198,0.1710,0.2183,18.7888
0.0570,0.9957,59.3551,0.1805,0.8469,4.2727
0.0673,0.9962,58.3822,0.1621,0.5909,10.8450
0.0749,0.9963,54.9715,0.1262,0.6783,13.4232
0.1516,0.9976,42.9817,0.2935,0.7768,1.3494
0.0718,0.9960,58.6675,0.2210,0.6320,32.0182
0.1126,0.9967,56.2952,0.2659,0.7664,14.4413
0.1350,0.9969,50.8898,0.1922,0.7598,3.7335
0.0931,0.9976,58.2981,0.2848,0.6233,10.5183
0.0899,0.9960,52.3647,0.1379,0.8085,3.1292
0.1359,0.9971,47.7475,0.1540,0.8547,9.8640
0.0965,0.9968,39.0375,0.1203,0.5767,8.0288
0.1071,0.9967,50.0572,0.1611,0.6879,5.9747
0.1201,0.9967,49.5004,0.1826,0.4303,14.2727
0.1578,0.9970,51.6125,0.1649,0.7395,3.0397
0.0581,0.9977,42.8698,0.1424,0.8949,9.1823
0.1748,0.9989,37.1724,0.1896,0.4756,4.0548
