0.1015,0.9854,53.8859,0.2461,0.3950,2.2672
0.0958,0.9892,24.1036,0.1251,0.4065,33.9421
0.1333,0.9910,11.4228,0.2031,0.2741,31.8855
0.1132,0.9881,17.7653,0.2010,0.4946,8.8320
0.1282,0.9911,20.1900,0.1491,0.0436,32.7921
0.1217,0.9891,57.5197,0.1969,0.5305,13.5830
0.1299,0.9929,17.2310,0.1977,0.2307,1.1416
0.1414,0.9901,20.8557,0.2414,0.3742,14.3798
0.1171,0.9911,16.2532,0.2310,0.3923,52.8127
0.1036,0.9909,18.5203,0.1901,0.1271,42.8935
0.1060,0.9963,19.4497,0.1834,0.0902,9.3277
0.1393,0.9896,45.8140,0.2398,0.3617,6.3042
0.1443,0.9902,22.1290,0.1568,0.2317,39.0136
0.1525,0.9925,21.5787,0.2072,0.3882,4.8534
0.0869,0.9923,3.5581,0.1230,0.9908,55.4221
0.1182,0.9930,17.0645,0.1296,0.0610,53.1831
0.0362,0.9964,59.2715,0.0759,0.9891,9.7407
0.1300,0.9926,21.8075,0.1402,0.2694,53.1251
0.1453,0.9935,21.2614,0.1900,0.5592,3.7311
0.1494,0.9926,23.3244,0.1883,0.2979,10.0371
0.0771,0.9946,13.9922,0.2012,0.2622,34.3172
0.1604,0.9927,21.9157,0.1726,0.0130,44.5188
0.1120,0.9900,18.1775,0.2038,0.6279,17.8636
0.1593,0.9926,21.3757,0.2003,0.1466,9.3599
0.1319,0.9901,19.1072,0.1961,0.4583,7.8261
0.1335,0.9926,14.9087,0.1913,0.1960,52.4350
0.1130,0.9901,20.8788,0.2014,0.2639,10.3523
0.1478,0.9915,16.6057,0.1849,0.3487,17.4766
0.1275,0.9927,17.8468,0.2040,0.1337,17.9318
0.1610,0.9902,16.5707,0.1833,0.4168,27.5257
0.1444,0.9895,27.6939,0.1675,0.1429,1.9029
0.1164,0.9928,19.1932,0.1308,0.0724,47.8110
0.1651,0.9932,32.8977,0.2159,0.1284,2.7391
0.1284,0.9920,19.2953,0.1640,0.2167,14.4567
0.1115,0.9925,20.4314,0.2092,0.2231,1.3681
0.1256,0.9921,21.7420,0.2303,0.0666,13.8699
0.0394,0.9981,2.5700,0.1593,0.9788,51.9686
0.1288,0.9907,20.1813,0.1769,0.2831,48.7056
0.1198,0.9928,17.1601,0.1918,0.4835,9.0501
0.1536,0.9878,21.4619,0.2147,0.5907,17.2042
0.0711,0.9925,16.1026,0.2205,0.5959,49.6007
0.1658,0.9878,49.7314,0.2037,0.4010,7.3701
0.1260,0.9946,19.6720,0.1966,0.3150,8.9101
0.1306,0.9940,20.3132,0.1741,0.1212,40.0866
0.1355,0.9912,22.7147,0.1514,0.4642,12.0285
0.1563,0.9871,21.0461,0.2240,0.4057,1.3436
0.1388,0.9872,55.8109,0.1621,0.5298,7.7376
0.1249,0.9932,15.7705,0.2165,0.3536,55.0105
0.1473,0.9901,19.4685,0.1616,0.4759,35.8846
0.1178,0.9902,18.7388,0.1872,0.0812,53.5610
0.1229,0.9923,19.5458,0.1492,0.2800,19.7068
0.1170,0.9911,19.2627,0.1622,0.2669,40.9338
0.1343,0.9904,20.1625,0.1612,0.0679,50.0458
0.1035,0.9928,19.8605,0.1055,0.3587,10.9814
0.1197,0.9908,16.9625,0.1290,0.5947,32.8509
0.1206,0.9947,22.0566,0.1886,0.3979,57.1502
0.1514,0.9921,19.9604,0.2075,0.2909,2.8614
0.1632,0.9922,29.9812,0.1753,0.0993,14.3681
0.1170,0.9897,26.8877,0.1591,0.1638,56.8397
0.1679,0.9866,19.1355,0.1744,0.1872,21.1958
0.1177,0.9921,16.3511,0.1487,0.4447,26.2185
0.1711,0.9908,20.4572,0.2127,0.2901,4.6916
0.1208,0.9923,28.0968,0.1446,0.1516,8.7796
0.0828,0.9906,13.2478,0.1444,0.9696,41.1139
0.1415,0.9904,19.3903,0.1535,0.4057,58.6112
0.1362,0.9924,23.4762,0.1943,0.2651,54.4322
0.1182,0.9895,17.9579,0.1578,0.0576,57.2737
0.1276,0.9941,21.2390,0.1348,0.1927,40.8103
0.1303,0.9900,21.7381,0.1546,0.2205,52.6582
0.1176,0.9941,19.1920,0.1850,0.1495,52.9023
0.1564,0.9950,20.5487,0.2392,0.1907,7.7411
0.0992,0.9873,22.5316,0.1454,0.3988,49.2767
0.1281,0.9900,22.0787,0.1833,0.2068,19.3690
0.0838,0.9910,17.6816,0.1562,0.6418,53.7689
0.1119,0.9907,23.1322,0.2044,0.2596,13.8405
0.0538,0.9936,14.4349,0.2427,0.8829,54.2923
0.1340,0.9902,19.9585,0.1644,0.2461,57.8990
0.1178,0.9912,18.9030,0.2079,0.4200,54.2335
0.1018,0.9942,17.6868,0.2002,0.5064,47.2389
0.1551,0.9910,20.5618,0.1704,0.1968,17.4791
0.1042,0.9917,15.9225,0.1652,0.0529,56.5622
0.0507,0.9895,59.3124,0.1737,0.9809,10.5836
0.1235,0.9898,22.3228,0.1886,0.2446,57.5578
0.0896,0.9913,22.7361,0.1791,0.5671,40.8611
0.1275,0.9929,19.7549,0.1460,0.3183,10.4838
0.1345,0.9932,16.4376,0.1642,0.4144,12.3498
0.1154,0.9926,15.6557,0.1787,0.2694,26.3145
0.0156,0.9976,58.7432,0.1802,0.9578,10.5908
0.1312,0.9936,21.3063,0.1533,0.1109,35.6799
0.0978,0.9937,22.6427,0.2231,0.4140,11.9955
0.1430,0.9972,21.8137,0.1757,0.3023,0.1559
0.1532,0.9918,19.3533,0.2347,0.2317,27.1759
0.1444,0.9945,19.0049,0.1850,0.1319,16.0494
0.1320,0.9932,15.2625,0.1633,0.0933,59.9794
0.1507,0.9919,17.6283,0.1808,0.1924,12.6552
0.1102,0.9913,17.6058,0.1322,0.4075,55.7315
0.1314,0.9915,19.5395,0.1785,0.1327,14.8472
0.1559,0.9867,36.3010,0.2011,0.3879,18.4335
0.1105,0.9929,22.6365,0.2007,0.3800,14.6115
0.1307,0.9928,21.0245,0.1543,0.5166,4.1192
0.1318,0.9938,19.5990,0.1690,0.3639,16.0815
0.1709,0.9897,17.3047,0.1836,0.4122,6.5388
0.1271,0.9925,22.4876,0.1741,0.3869,42.3632
0.1592,0.9911,17.0494,0.2056,0.3171,44.7976
0.1411,0.9900,14.2703,0.1694,0.4993,57.8576
0.1329,0.9892,20.0544,0.1637,0.2016,21.2009
0.1220,0.9887,17.7682,0.2008,0.4126,20.0528
0.1075,0.9943,22.8279,0.1687,0.3386,38.7529
0.1061,0.9902,17.4321,0.2611,0.4574,23.5817
0.1093,0.9918,20.7527,0.1505,0.2214,12.3240
0.0795,0.9875,29.3131,0.1477,0.9815,11.1879
0.1196,0.9931,17.3479,0.1649,0.1148,25.4193
0.1133,0.9938,20.6124,0.1507,0.2573,13.8453
0.1393,0.9903,20.5538,0.1666,0.1270,33.8308
0.1232,0.9918,18.7927,0.1659,0.3864,32.5331
0.1771,0.9908,30.2840,0.1997,0.3332,8.5707
0.1422,0.9924,20.7337,0.1816,0.3385,24.5257
0.1083,0.9911,22.0215,0.1173,0.0407,54.3995
0.0878,0.9921,19.6441,0.2261,0.7176,13.6458
0.1241,0.9930,16.3203,0.1696,0.2934,43.7324
0.1190,0.9925,18.2901,0.1611,0.1746,43.5406
0.1037,0.9959,19.7413,0.1562,0.3622,49.3798
0.1522,0.9906,25.5267,0.1526,0.3567,15.9172
0.1439,0.9923,18.9185,0.1902,0.2420,42.7021
0.1327,0.9909,20.6051,0.1928,0.3212,18.7376
0.1089,0.9902,24.2258,0.2112,0.2655,9.6584
0.0644,0.9932,12.7824,0.1789,0.9409,54.6311
0.1679,0.9905,18.5959,0.2149,0.5481,21.1013
0.1480,0.9900,23.6347,0.1484,0.1844,24.1244
0.1396,0.9925,17.3705,0.2719,0.5240,8.2450
0.1181,0.9956,18.4087,0.1636,0.1654,15.6936
0.1176,0.9941,17.8308,0.1996,0.1160,24.2444
0.1237,0.9910,20.0828,0.1793,0.3594,54.3538
0.1606,0.9914,18.6856,0.1790,0.1690,13.9476
0.1157,0.9885,17.8267,0.1473,0.2843,46.8241
0.1372,0.9931,16.2260,0.1435,0.3801,27.8590
0.1590,0.9876,24.3931,0.1879,0.2837,35.4419
0.1175,0.9942,21.9225,0.1314,0.3130,53.3166
0.1255,0.9865,17.2786,0.1554,0.1811,14.3972
0.1574,0.9900,18.6951,0.1686,0.4192,34.8159
0.0896,0.9928,16.8722,0.2058,0.0517,51.4405
0.0994,0.9929,18.7653,0.1907,0.3833,56.9363
0.1487,0.9904,18.8809,0.1885,0.2161,53.0437
0.1659,0.9895,19.5952,0.1957,0.0305,37.7503
0.1505,0.9912,24.2844,0.1614,0.0298,19.5002
0.1287,0.9967,20.8544,0.1968,0.4234,26.1907
0.0899,0.9919,21.2360,0.1649,0.3379,47.5302
0.1061,0.9913,25.0971,0.1799,0.0846,59.2105
0.1366,0.9933,19.5604,0.1545,0.4333,10.4945
0.1063,0.9925,15.9553,0.1537,0.3272,56.1527
0.1220,0.9931,19.1931,0.1507,0.0795,24.5120
0.1982,0.9917,22.0445,0.2001,0.4429,4.2441
0.1336,0.9967,17.7907,0.1504,0.2140,17.5334
0.1722,0.9871,21.4419,0.1742,0.4485,17.2176
0.1167,0.9975,15.6496,0.1897,0.2445,26.8778
0.1440,0.9922,17.4019,0.1666,0.2790,7.4153
0.1524,0.9919,18.6031,0.1623,0.1761,8.6417
0.1510,0.9944,21.1081,0.1559,0.2113,41.7004
0.1592,0.9926,18.0499,0.2659,0.1861,11.4964
0.1338,0.9888,19.6951,0.1586,0.1682,41.2128
0.1573,0.9931,20.5620,0.2168,0.4730,13.1569
0.1020,0.9903,15.9950,0.2254,0.4366,43.0992
0.1253,0.9901,30.0911,0.1286,0.3117,48.7211
0.1163,0.9934,20.9637,0.2660,0.5224,18.0796
0.1567,0.9961,20.1187,0.1699,0.1540,12.4459
0.1433,0.9918,21.2983,0.1832,0.2463,17.4886
0.1563,0.9936,20.7815,0.2091,0.1308,8.3377
0.1333,0.9889,22.9403,0.1658,0.1269,54.5379
0.1287,0.9900,22.3806,0.2255,0.4234,2.8890
0.1242,0.9941,18.4716,0.1358,0.0319,22.1354
0.1185,0.9935,22.8007,0.1814,0.2205,3.5294
0.1524,0.9891,27.9803,0.1928,0.4054,12.2090
0.1135,0.9955,19.4501,0.1432,0.2205,54.7434
0.1323,0.9910,24.8986,0.1500,0.1674,28.9933
0.1128,0.9925,14.5425,0.1136,0.7986,37.1344
0.1477,0.9937,18.8778,0.1798,0.2002,35.6202
0.1432,0.9929,19.1545,0.1695,0.1932,46.9277
0.1191,0.9900,21.3600,0.1706,0.2486,39.3832
0.1888,0.9938,18.0562,0.2175,0.1750,4.4620
0.1001,0.9903,17.7892,0.1996,0.2274,40.7699
0.1534,0.9902,20.9235,0.2026,0.5461,59.8644
0.0407,0.9952,0.0743,0.1909,0.9522,48.1792
0.1313,0.9915,18.9392,0.1605,0.2309,5.9626
0.0641,0.9943,3.4593,0.0844,0.9927,58.1358
0.1349,0.9916,18.7247,0.1415,0.3608,23.2788
0.0610,0.9933,4.8177,0.1268,0.9775,51.7031
0.1124,0.9916,20.0397,0.1849,0.1353,15.7004
0.0104,0.9993,2.1466,0.1620,0.9731,48.6902
0.0921,0.9944,20.9039,0.1603,0.2979,48.2397
0.1452,0.9983,19.5811,0.2544,0.3867,11.7846
0.1537,0.9922,17.3151,0.2605,0.4259,0.4972
0.1188,0.9942,18.0416,0.2838,0.3860,1.0285
0.1353,0.9892,20.8520,0.2196,0.3715,20.9506
0.1102,0.9921,20.0497,0.1513,0.2094,24.9462
0.0641,0.9939,57.5520,0.1724,0.9849,13.2408
0.1441,0.9898,16.7646,0.1684,0.1091,59.1032
0.1785,0.9900,19.7512,0.2100,0.2337,3.0077
0.1224,0.9915,17.0085,0.1876,0.6010,54.0372
0.0935,0.9901,20.0308,0.2197,0.5205,22.1077
0.0847,0.9889,16.9360,0.2357,0.5342,39.3506
0.1511,0.9894,25.9611,0.2693,0.2846,6.5783
0.1393,0.9970,16.6481,0.1958,0.1348,0.0789
0.1510,0.9939,15.7600,0.2024,0.2449,16.9591
0.1291,0.9938,15.4271,0.1646,0.2459,57.5351
0.1409,0.9946,16.3327,0.1857,0.3246,1.7705
0.1248,0.9922,16.3178,0.1362,0.6501,56.5285
0.1577,0.9895,22.2283,0.1795,0.1234,14.1187
0.1294,0.9913,17.7723,0.2111,0.3108,7.1188
0.1341,0.9891,20.3452,0.1642,0.2420,23.0583
0.1813,0.9878,16.5429,0.2102,0.5274,13.7495
0.1145,0.9917,19.6695,0.1611,0.3160,39.6928
0.1248,0.9880,27.2223,0.1518,0.4727,35.1741
0.1670,0.9929,21.5689,0.2086,0.2370,8.1868
0.1423,0.9950,17.3993,0.1997,0.3612,3.6427
0.1349,0.9954,17.0520,0.2166,0.2863,45.7558
0.1294,0.9948,18.2012,0.1449,0.2788,58.8730
0.1297,0.9903,21.5128,0.1814,0.4216,26.7790
0.1414,0.9933,20.2028,0.1591,0.2872,33.0347
0.1195,0.9921,17.2212,0.1530,0.2653,11.4824
0.1449,0.9911,19.3881,0.2006,0.2764,23.0530
0.1226,0.9918,23.9849,0.1907,0.2562,2.8584
0.1228,0.9931,18.8690,0.2158,0.3163,25.0879
0.1347,0.9886,22.0475,0.2210,0.3773,24.4551
0.1101,0.9922,19.8036,0.1806,0.2265,0.9228
0.1494,0.9917,20.3581,0.1588,0.4676,4.5966
0.1491,0.9925,18.5083,0.1698,0.1197,4.9843
0.1217,0.9941,15.3256,0.2069,0.2952,5.0151
0.1303,0.9903,19.2091,0.1546,0.1236,34.7502
0.1455,0.9902,20.3554,0.2102,0.1336,38.2651
0.1121,0.9940,20.3987,0.1756,0.3582,59.9973
0.0961,0.9940,17.1973,0.2037,0.3650,47.2008
0.1289,0.9951,15.9004,0.2203,0.1084,54.1049
0.1182,0.9914,18.6339,0.2236,0.3079,10.2783
0.0860,0.9914,21.9476,0.2388,0.1783,59.0482
0.0998,0.9939,17.0497,0.2351,0.2645,36.2119
0.0718,0.9922,45.9141,0.1293,0.9903,8.7375
0.1323,0.9898,19.8616,0.2050,0.4257,49.3139
0.1042,0.9920,20.9858,0.2098,0.4575,52.9715
0.1392,0.9902,18.6206,0.2091,0.2992,4.7915
0.1313,0.9914,18.1305,0.1975,0.3078,45.9458
0.1473,0.9923,18.8600,0.1713,0.1537,17.3728
0.1352,0.9929,16.6979,0.1388,0.4256,48.0892
0.1321,0.9946,21.9181,0.2325,0.2512,3.8391
0.0734,0.9896,42.7224,0.1670,0.9893,6.0280
0.0901,0.9919,17.8419,0.1786,0.6122,41.4994
0.1150,0.9895,16.6410,0.1321,0.2101,48.8140
0.1581,0.9908,20.1087,0.1712,0.1349,32.7529
0.1104,0.9923,20.8344,0.2081,0.2747,53.8519
0.1093,0.9915,24.9829,0.2152,0.1727,20.4780
0.1380,0.9939,19.9553,0.1694,0.1409,4.6111
0.1282,0.9915,21.0606,0.1597,0.2420,15.1086
0.1107,0.9934,17.4696,0.1114,0.9671,51.8513
0.1320,0.9918,18.5985,0.1840,0.3588,47.0019
0.0649,0.9910,24.2133,0.1409,0.9211,46.8078
0.0877,0.9882,15.9555,0.2243,0.5351,54.7424
0.1472,0.9934,18.8055,0.1954,0.3404,1.5089
0.1015,0.9889,18.4158,0.2052,0.2606,56.1110
0.1391,0.9938,18.7225,0.1709,0.1896,7.6257
0.1089,0.9935,20.4045,0.2218,0.1663,4.6300
0.1380,0.9958,18.2222,0.2161,0.0387,12.1569
0.0710,0.9913,20.6967,0.2636,0.5127,45.8036
0.1170,0.9936,17.7548,0.1302,0.3852,47.2004
0.1507,0.9914,21.2028,0.1661,0.1503,46.6977
0.0812,0.9924,19.5542,0.1810,0.8951,59.3521
0.0866,0.9902,22.2956,0.1976,0.6795,57.1219
0.1433,0.9957,18.8209,0.1762,0.3974,56.5533
0.0940,0.9922,21.6413,0.1941,0.2784,49.1627
0.1176,0.9954,18.8200,0.1958,0.4149,10.0603
0.0906,0.9919,22.7147,0.2277,0.5095,53.5911
0.0986,0.9916,21.0502,0.2238,0.2535,28.1336
0.1163,0.9927,16.2244,0.1572,0.2558,14.3640
0.1660,0.9931,17.4818,0.1986,0.2905,19.4650
0.0896,0.9943,18.5617,0.2311,0.6801,22.2806
0.1376,0.9938,19.2137,0.1457,0.2625,11.9057
0.1609,0.9902,18.4818,0.1757,0.4358,12.5189
0.1283,0.9920,18.3716,0.2024,0.3846,17.5292
0.1521,0.9920,18.5020,0.1580,0.5114,1.8749
0.1415,0.9938,21.1309,0.2243,0.2850,22.3267
0.0926,0.9946,18.8115,0.1940,0.3195,16.0051
0.0629,0.9944,57.1698,0.1270,0.9519,4.0369
0.1017,0.9897,22.2486,0.1923,0.6687,43.2303
0.1351,0.9896,26.1591,0.1788,0.1110,36.1083
0.1320,0.9914,19.2875,0.2115,0.1720,43.4179
0.1589,0.9903,29.9380,0.1653,0.3646,12.9580
0.1433,0.9927,18.5758,0.1773,0.2685,25.8261
0.1469,0.9940,19.0370,0.1766,0.2137,37.4657
0.0886,0.9935,14.3299,0.1753,0.9845,52.2198
0.1264,0.9923,21.8330,0.1952,0.2302,33.3975
0.1270,0.9959,17.6853,0.2026,0.3904,1.3483
0.0941,0.9919,19.0705,0.2163,0.3172,8.1127
0.1079,0.9945,16.7187,0.1574,0.4295,37.4582
0.1118,0.9912,20.2818,0.2137,0.2792,54.3150
0.1194,0.9969,18.3341,0.1359,0.0537,55.8687
0.1042,0.9917,21.8057,0.1820,0.2019,49.6576
0.1436,0.9909,22.6710,0.1661,0.3737,33.8639
0.1185,0.9929,20.0357,0.2025,0.2495,30.0665
0.1332,0.9907,19.1113,0.1929,0.1217,3.7229
0.1087,0.9925,17.9015,0.1624,0.4578,16.5563
0.1256,0.9923,17.6931,0.1362,0.1904,59.4678
0.0861,0.9909,20.5434,0.1440,0.1235,39.7103
0.1346,0.9936,21.4847,0.1653,0.0293,32.4540
0.1318,0.9961,15.1569,0.2539,0.4400,19.2204
0.1554,0.9917,25.6573,0.1569,0.2975,8.0306
0.1345,0.9904,18.5749,0.1988,0.3789,42.5541
0.0447,0.9951,15.7988,0.1756,0.9543,59.8712
0.1453,0.9919,18.4723,0.2394,0.4943,17.3471
0.1554,0.9915,16.0483,0.1657,0.0084,34.6471
0.0612,0.9908,14.5264,0.0927,0.9795,50.4718
0.1282,0.9939,26.2535,0.1832,0.1375,6.0563
0.1225,0.9937,15.4719,0.1566,0.1264,44.5728
0.1354,0.9926,24.2052,0.1526,0.3588,0.4782
0.1953,0.9872,21.5769,0.1969,0.3326,13.1968
0.1577,0.9894,20.4897,0.1899,0.0768,3.1351
0.1268,0.9915,17.4362,0.1692,0.2862,38.8982
0.1209,0.9916,14.3762,0.2286,0.4463,13.3785
0.1423,0.9927,22.1134,0.1863,0.1018,48.3454
0.0875,0.9931,17.3647,0.1641,0.1404,46.4068
0.0723,0.9916,11.3083,0.1499,0.9818,44.9499
0.1139,0.9947,15.0571,0.2026,0.3679,44.1241
0.1153,0.9901,20.2282,0.1635,0.3726,35.1301
0.1524,0.9924,18.4012,0.1801,0.3595,7.3160
0.1186,0.9916,20.3467,0.1653,0.2532,6.1013
0.1242,0.9916,16.6106,0.1916,0.2897,21.8477
0.0679,0.9920,9.3111,0.1865,0.9679,50.6475
0.1576,0.9934,19.0770,0.2118,0.3431,12.5615
0.1356,0.9942,19.2240,0.1380,0.3033,48.8765
0.1119,0.9908,21.6581,0.1911,0.5079,50.3547
0.1168,0.9931,20.2408,0.1354,0.1859,17.8320
0.1605,0.9887,24.0655,0.1983,0.2968,31.4271
0.1258,0.9918,16.1628,0.1601,0.2700,21.2607
0.1010,0.9944,0.3252,0.1129,0.9782,49.7771
0.1252,0.9916,19.2232,0.1718,0.4990,38.3215
0.1380,0.9947,18.5088,0.1997,0.1882,11.3857
0.1422,0.9959,18.2753,0.1677,0.0257,35.9248
0.0586,0.9949,56.2228,0.1736,0.9900,1.0302
0.1060,0.9931,18.3906,0.1464,0.1172,37.0218
0.1373,0.9915,24.8974,0.1616,0.1416,24.4767
0.1261,0.9925,29.4986,0.2117,0.3455,4.1783
0.1258,0.9896,20.7724,0.1312,0.0137,50.2593
0.1261,0.9908,18.9806,0.1706,0.3000,34.3421
0.1031,0.9944,19.9747,0.1713,0.2741,50.7168
0.1699,0.9891,22.1136,0.2151,0.3224,10.4273
0.1469,0.9930,22.9553,0.1649,0.1627,2.3274
0.1296,0.9939,17.7240,0.1363,0.3566,46.7754
0.1549,0.9897,23.1609,0.2267,0.1120,14.5193
0.1421,0.9928,18.4774,0.1609,0.2950,32.5445
0.1837,0.9907,25.6589,0.2069,0.5220,13.0411
0.1143,0.9914,17.9061,0.1644,0.4301,44.1045
0.1189,0.9933,20.3951,0.2006,0.6104,19.6713
0.1329,0.9925,22.1194,0.1898,0.3722,34.6736
0.1401,0.9891,19.4409,0.2888,0.3764,15.7937
0.1202,0.9972,17.3191,0.1680,0.1094,48.0863
0.1074,0.9885,16.8086,0.1743,0.2158,22.4439
0.1201,0.9911,24.9172,0.1409,0.3286,5.5065
0.1376,0.9945,17.1356,0.2129,0.2613,8.8040
0.1261,0.9901,57.6817,0.1274,0.2819,32.8707
0.1418,0.9939,23.2532,0.1619,0.0777,36.0317
0.1153,0.9903,22.0788,0.2224,0.6170,0.1426
0.1592,0.9924,18.6261,0.1798,0.3913,38.1338
0.0584,0.9962,9.6377,0.1331,0.9839,57.4122
0.0930,0.9933,20.8367,0.1782,0.1500,0.3809
0.1216,0.9932,19.0865,0.1286,0.2983,41.3219
0.1182,0.9867,59.3361,0.1552,0.4001,26.1290
0.0854,0.9907,59.9237,0.1658,0.9800,4.0862
0.1304,0.9926,22.5435,0.1367,0.5554,9.4889
0.1433,0.9904,18.9822,0.1792,0.2074,36.1235
0.1267,0.9937,19.8074,0.1502,0.0780,0.7875
0.1054,0.9939,25.2506,0.2036,0.3709,7.5286
0.1193,0.9940,15.5177,0.1560,0.0515,34.0573
0.1521,0.9926,34.2433,0.1635,0.0307,7.0553
0.0530,0.9952,44.1128,0.1110,0.9942,2.3184
0.1509,0.9920,24.5164,0.1513,0.2520,21.0851
0.1541,0.9905,21.3371,0.1839,0.3341,15.2927
0.1236,0.9942,17.0930,0.1876,0.2438,48.7644
0.1667,0.9917,18.6892,0.1805,0.2750,34.3078
0.1402,0.9913,13.9740,0.1715,0.0658,52.2401
0.1361,0.9928,24.5686,0.2333,0.3211,3.7570
0.1613,0.9926,21.1515,0.1888,0.3237,9.8253
0.1668,0.9871,17.2528,0.1944,0.2337,49.4376
0.1262,0.9926,18.5455,0.1492,0.2531,30.1780
0.1620,0.9871,24.9727,0.1663,0.3750,23.4850
0.1383,0.9905,22.6778,0.1863,0.1535,13.4298
0.1063,0.9960,20.1772,0.1445,0.2549,41.6047
0.1621,0.9897,22.5968,0.1703,0.3054,7.5734
0.1317,0.9961,16.5831,0.1384,0.1977,55.7946
0.1305,0.9921,32.1885,0.1756,0.2674,56.5892
0.1465,0.9912,23.3716,0.1653,0.1561,14.2403
0.1300,0.9920,21.4741,0.1383,0.2725,52.7591
0.1024,0.9927,26.6023,0.2090,0.2662,1.6536
0.1334,0.9899,21.5365,0.2031,0.4216,59.1502
0.1545,0.9891,33.2997,0.1587,0.1445,55.7415
0.1476,0.9930,25.0852,0.1971,0.2495,1.9279
0.1341,0.9894,20.8980,0.1811,0.1438,5.4076
0.1603,0.9909,21.9687,0.1708,0.6033,7.1676
0.1517,0.9847,40.1009,0.2281,0.4571,19.5576
0.0686,0.9963,21.6787,0.1911,0.2819,53.9288
0.1187,0.9882,20.3662,0.1301,0.1420,50.0368
0.1101,0.9855,24.7821,0.2435,0.5712,39.1737
0.1092,0.9923,26.9886,0.1985,0.2477,56.1309
0.1601,0.9915,24.3094,0.1656,0.2631,47.2511
0.1435,0.9905,18.2458,0.2275,0.3368,48.4151
0.1603,0.9908,27.1465,0.1849,0.3073,2.9482
0.1500,0.9887,15.7627,0.1798,0.2569,23.8956
0.1236,0.9965,19.1116,0.1963,0.0592,18.9025
0.0907,0.9941,21.9342,0.1762,0.0731,57.3262
0.1313,0.9919,18.4311,0.1859,0.3649,17.4730
0.0964,0.9883,34.6434,0.2132,0.2920,18.7809
0.1523,0.9896,18.9899,0.1529,0.3574,40.8302
0.1224,0.9942,19.1849,0.2125,0.5040,24.1576
0.1281,0.9941,24.4717,0.2022,0.2128,5.9964
0.1252,0.9939,24.5014,0.1766,0.0063,17.7041
0.1313,0.9921,19.9299,0.1798,0.4784,24.2674
0.1131,0.9853,37.2854,0.1686,0.2903,34.8678
0.1087,0.9923,20.4572,0.1288,0.2437,35.2408
0.1180,0.9931,19.2843,0.1458,0.5643,28.1541
0.0999,0.9926,21.3832,0.1721,0.2413,34.0170
0.1011,0.9937,20.7007,0.1787,0.1100,50.0851
0.1210,0.9907,27.3790,0.2509,0.2004,12.3740
0.1578,0.9918,15.5086,0.1993,0.4465,53.5954
0.1230,0.9923,16.0049,0.1458,0.2303,57.0824
0.1347,0.9939,17.8711,0.1420,0.2012,22.8823
0.1296,0.9904,19.3041,0.1927,0.2616,15.4350
0.1397,0.9935,26.3020,0.1975,0.2618,17.1467
0.1524,0.9918,19.5771,0.2098,0.1833,11.5566
0.1059,0.9922,20.8773,0.1788,0.3093,40.0844
0.1856,0.9921,19.7757,0.1908,0.1387,7.1945
0.1596,0.9932,19.9195,0.1794,0.2443,20.8520
0.1213,0.9923,16.3372,0.1846,0.2475,8.3527
0.1516,0.9930,16.1160,0.1603,0.0241,5.8333
0.1025,0.9901,20.8000,0.1760,0.1579,58.6716
0.1068,0.9871,45.3529,0.1847,0.2412,50.3304
0.1438,0.9909,20.0126,0.1673,0.3196,4.5464
0.1729,0.9918,15.8487,0.1951,0.3712,41.3320
0.1087,0.9921,20.2678,0.1833,0.0937,26.2897
0.1498,0.9964,19.0030,0.2143,0.1539,9.6791
0.1741,0.9908,22.6796,0.1947,0.1666,7.7583
0.1071,0.9900,47.4054,0.1921,0.6805,14.7924
0.1045,0.9949,17.7706,0.1494,0.1137,19.1194
0.0951,0.9905,18.1422,0.2494,0.3356,38.5396
0.1301,0.9933,16.5392,0.1468,0.0921,52.3101
0.1069,0.9910,16.8523,0.2017,0.1492,23.8699
0.1243,0.9906,24.1545,0.2047,0.2704,2.3774
0.0972,0.9898,19.1889,0.1913,0.1661,29.8113
0.1348,0.9929,18.0123,0.1512,0.1860,18.8552
0.1280,0.9901,19.6047,0.2138,0.5476,14.7488
0.1114,0.9905,20.3952,0.2142,0.1274,36.4470
0.1337,0.9958,17.8705,0.1705,0.1895,35.6889
0.1397,0.9931,23.6791,0.1492,0.1959,20.5846
0.1219,0.9952,17.3386,0.1695,0.1369,35.4163
0.1337,0.9912,20.9653,0.2069,0.2781,5.9914
0.1101,0.9936,20.0306,0.1771,0.3059,18.2714
0.1224,0.9919,17.4852,0.1702,0.1635,50.4508
0.1545,0.9907,28.7841,0.1795,0.3951,14.1362
0.1414,0.9894,20.4833,0.1510,0.2199,49.2044
0.1384,0.9887,21.0052,0.1586,0.0334,44.5460
0.1359,0.9929,20.1516,0.1839,0.4266,20.5800
0.1553,0.9894,15.9687,0.1817,0.0971,1.2709
0.0872,0.9929,2.5543,0.1334,0.9798,57.3020
0.1287,0.9881,18.7424,0.1601,0.6170,23.0549
0.1570,0.9932,18.1180,0.1773,0.0386,24.7373
0.1371,0.9912,20.9533,0.1897,0.3632,13.4329
0.1036,0.9976,17.9492,0.2616,0.4587,19.4025
0.1343,0.9907,19.2660,0.1739,0.4186,30.6207
0.1303,0.9877,46.5825,0.2022,0.3718,10.8075
0.1134,0.9933,17.0162,0.1837,0.1942,11.1591
0.1525,0.9922,18.2366,0.1594,0.3458,49.8812
0.1532,0.9910,23.0711,0.1847,0.3520,12.7550
0.1406,0.9931,15.9404,0.1704,0.3281,26.1380
0.1170,0.9940,18.8981,0.1993,0.4988,45.7795
0.0737,0.9908,44.1618,0.0893,0.9897,2.7391
0.1165,0.9951,17.9978,0.1707,0.4063,6.4497
0.1363,0.9906,20.7391,0.1719,0.2656,25.1856
0.1215,0.9918,17.4780,0.1519,0.0742,46.1918
0.1114,0.9913,22.5832,0.1811,0.5070,29.5717
0.1506,0.9946,21.2739,0.1942,0.2717,10.4371
0.1103,0.9947,19.0063,0.1958,0.2783,57.7993
0.1237,0.9905,21.2070,0.1991,0.3603,10.4872
0.0804,0.9952,19.2304,0.1638,0.7741,54.6333
0.1031,0.9945,19.7378,0.2284,0.3629,15.3925
0.1517,0.9894,13.0530,0.1933,0.1604,2.6397
0.1094,0.9970,22.9380,0.1838,0.1899,49.0458
0.1639,0.9913,30.8464,0.1855,0.3338,7.2020
0.1759,0.9931,20.8502,0.2006,0.2306,6.5026
0.1245,0.9927,26.4203,0.2239,0.3603,12.5037
0.1249,0.9919,21.0279,0.1640,0.1978,16.7034
0.0980,0.9918,20.5030,0.1667,0.0638,59.3656
0.0947,0.9927,17.2748,0.1822,0.1680,25.1404
0.0862,0.9918,23.2097,0.1612,0.4662,45.3308
0.1138,0.9932,24.3169,0.1734,0.3186,30.7038
0.1664,0.9914,15.5859,0.1941,0.2029,1.3849
0.1462,0.9904,19.8022,0.1644,0.1518,23.5586
0.1874,0.9918,22.5564,0.2276,0.1962,0.9957
0.1198,0.9931,20.7921,0.2102,0.1002,38.5008
0.0682,0.9954,17.4653,0.1801,0.9533,55.5040
0.1377,0.9898,20.4799,0.2440,0.4417,9.8506
0.0712,0.9966,8.7452,0.1828,0.9836,51.9073
0.1322,0.9948,18.9767,0.1733,0.2404,42.0392
0.1391,0.9902,19.8358,0.2115,0.4330,20.7521
0.1396,0.9911,18.2437,0.1860,0.2163,23.6360
0.1331,0.9884,20.1225,0.1578,0.6152,46.4566
0.1223,0.9935,26.5490,0.1687,0.2739,12.2730
0.1236,0.9957,20.0659,0.1562,0.2646,46.4318
0.1418,0.9899,17.3673,0.1515,0.0549,33.7802
0.1128,0.9936,19.4405,0.2179,0.4039,13.2244
0.1310,0.9905,25.6973,0.2133,0.2667,13.6033
0.1415,0.9920,22.8797,0.2118,0.3283,15.2859
0.1023,0.9940,18.8261,0.1633,0.0389,18.6305
0.1213,0.9938,18.9303,0.2541,0.5264,18.2324
0.1390,0.9902,20.8218,0.2120,0.4430,46.8502
0.1013,0.9920,17.9382,0.1476,0.0119,49.3931
0.1407,0.9920,21.6395,0.1704,0.2972,5.4960
0.1309,0.9884,19.8552,0.1570,0.1325,57.4736
0.1572,0.9903,18.3086,0.1676,0.5105,37.0919
0.1247,0.9891,19.1364,0.1635,0.3616,46.9740
0.1518,0.9923,18.9763,0.1550,0.1663,42.1213
0.1369,0.9937,23.0552,0.1702,0.2901,13.8118
0.1515,0.9869,19.8226,0.1971,0.2055,12.4960
0.1236,0.9899,20.7099,0.1963,0.2633,30.6549
0.1347,0.9927,17.2877,0.1544,0.1103,47.9127
0.1111,0.9940,20.1498,0.1211,0.0086,40.0033
0.1191,0.9935,19.2434,0.2597,0.5597,13.3085
0.0953,0.9935,19.9348,0.2055,0.4250,30.2645
0.1123,0.9940,21.6066,0.1803,0.4864,2.9144
0.1560,0.9942,21.9844,0.1787,0.0721,3.2936
0.1553,0.9886,24.2925,0.1763,0.2339,16.5495
0.1200,0.9948,16.1703,0.2053,0.1258,10.7418
0.1584,0.9920,15.8050,0.1666,0.1985,53.6800
0.1479,0.9905,18.4576,0.1750,0.3101,6.7539
0.1355,0.9948,22.8922,0.2547,0.3986,3.9954
0.1112,0.9890,18.4709,0.1653,0.3191,48.3369
0.1464,0.9877,19.5741,0.2274,0.1514,13.0599
0.1053,0.9899,24.6983,0.2417,0.2056,29.9149
0.1213,0.9940,16.7094,0.2494,0.3322,19.8711
0.1378,0.9914,18.6960,0.1607,0.1263,5.1049
0.1231,0.9910,17.2166,0.1929,0.2152,37.1038
0.1305,0.9933,17.1673,0.1685,0.2469,43.0580
0.1339,0.9916,19.3087,0.1672,0.2655,55.9676
0.1395,0.9921,17.5287,0.1638,0.1443,9.4886
0.1019,0.9894,23.8574,0.1229,0.2360,39.3529
0.1268,0.9935,20.3948,0.2116,0.4699,13.6726
0.1344,0.9941,20.0319,0.1987,0.2685,10.9780
0.1138,0.9925,17.0101,0.1595,0.4501,15.6234
0.1734,0.9909,15.5451,0.1873,0.2002,53.1402
0.1180,0.9902,21.8688,0.2254,0.2617,58.7215
0.1067,0.9905,18.8807,0.2097,0.3474,43.1829
0.1624,0.9886,16.2913,0.1728,0.3975,48.9491
0.1321,0.9952,17.6455,0.1609,0.0371,8.9666
0.1501,0.9897,20.6264,0.1848,0.2748,21.2235
0.1364,0.9931,17.3875,0.1600,0.1465,38.6394
0.1407,0.9919,17.2254,0.2111,0.2849,7.9165
0.1109,0.9922,19.9683,0.1278,0.5375,38.4756
0.0831,0.9925,6.7358,0.1659,0.9579,53.3571
0.1283,0.9905,18.2796,0.1701,0.3058,32.2944
0.1294,0.9961,18.4484,0.2257,0.2936,16.1501
0.1530,0.9931,19.6558,0.1769,0.1747,3.3931
0.0911,0.9897,19.9946,0.2515,0.2526,13.1240
0.1401,0.9882,17.3574,0.1429,0.3270,20.4352
0.1334,0.9910,37.0120,0.1768,0.1407,6.7679
0.1029,0.9926,19.0651,0.1306,0.2254,55.1771
0.1232,0.9917,21.8051,0.1880,0.4200,57.8758
0.1597,0.9896,18.7828,0.1878,0.2738,29.6883
0.1427,0.9937,17.3251,0.1442,0.1906,31.7622
0.1638,0.9875,20.9374,0.2422,0.3444,2.4678
0.1286,0.9885,19.7933,0.1891,0.4547,15.2889
0.1329,0.9855,52.7949,0.2001,0.3980,11.2429
0.1235,0.9957,20.1496,0.1880,0.3268,16.1787
0.1671,0.9896,20.5408,0.2211,0.3514,52.9023
0.0901,0.9941,18.6238,0.1394,0.1309,41.2403
0.0995,0.9920,20.4917,0.2021,0.2213,39.5729
0.1494,0.9916,19.7839,0.1942,0.1640,49.0640
0.1403,0.9897,15.7120,0.1870,0.3613,47.6601
0.0985,0.9949,16.1523,0.1231,0.9742,57.8183
0.1284,0.9930,21.5439,0.1590,0.2694,46.1425
0.1273,0.9899,20.7388,0.1515,0.2864,36.1173
0.1095,0.9886,23.1422,0.2569,0.4764,3.8911
0.1433,0.9919,17.9217,0.2084,0.1761,6.3346
0.1352,0.9920,17.1441,0.1580,0.2598,43.4650
0.1424,0.9854,37.5647,0.1706,0.3552,0.9415
0.1121,0.9943,18.2696,0.1644,0.3881,42.6936
0.1102,0.9940,17.5507,0.1756,0.0298,56.0364
0.1295,0.9906,17.7701,0.2194,0.2890,22.6756
0.1273,0.9917,22.0868,0.1387,0.3911,27.5342
0.1385,0.9957,20.5124,0.2079,0.0923,3.5069
0.1455,0.9903,22.0392,0.1470,0.3747,24.9183
0.1667,0.9893,17.7645,0.1769,0.3974,13.6209
0.1389,0.9882,17.6911,0.1468,0.1303,51.3818
0.1276,0.9934,18.3298,0.1520,0.0953,9.8287
0.1475,0.9928,27.0196,0.1673,0.2463,3.1008
0.1212,0.9933,22.9125,0.1596,0.5065,20.0587
0.1413,0.9945,17.2306,0.2216,0.4719,43.7662
0.1606,0.9890,18.9569,0.1609,0.2912,19.9891
0.1532,0.9916,17.7608,0.2049,0.2318,4.2246
0.1395,0.9929,20.0007,0.1933,0.2358,45.7770
0.1387,0.9905,17.9135,0.2002,0.4912,21.3041
0.1208,0.9937,23.6205,0.2070,0.2225,4.8472
0.1323,0.9875,19.6344,0.1328,0.6382,43.7919
0.1182,0.9919,19.6076,0.1716,0.3493,7.8371
0.1290,0.9900,20.2650,0.1899,0.3421,47.7185
0.1309,0.9918,18.1103,0.2011,0.0829,28.8941
0.1826,0.9888,17.5681,0.2229,0.3498,8.9537
0.1383,0.9897,25.8444,0.2086,0.2553,11.9263
0.1180,0.9927,18.8894,0.2231,0.3116,11.6979
0.1228,0.9937,23.3579,0.1539,0.2986,2.6144
0.1548,0.9908,19.1711,0.1723,0.0929,11.8806
0.0990,0.9929,19.6884,0.1358,0.2919,58.2467
0.1258,0.9936,19.8532,0.1396,0.2570,30.6364
0.1609,0.9923,19.5166,0.1762,0.1968,14.7514
0.1512,0.9907,18.8138,0.1999,0.3024,22.8240
0.0975,0.9899,23.6680,0.2233,0.5292,15.7419
0.1228,0.9905,24.6680,0.1840,0.3514,38.4907
0.1190,0.9931,20.0093,0.1761,0.2676,33.1265
0.1246,0.9875,17.0242,0.1451,0.4585,31.6841
0.1059,0.9950,20.1773,0.1540,0.0909,10.9788
0.1282,0.9924,24.9486,0.1532,0.3682,41.5286
0.0998,0.9944,17.6731,0.1798,0.0249,45.4102
0.1366,0.9901,16.0951,0.2278,0.2397,15.1353
0.1092,0.9875,18.3931,0.1505,0.3041,25.1411
0.1486,0.9923,22.3853,0.1645,0.1439,58.1750
0.1595,0.9908,17.5145,0.2071,0.0032,48.6916
0.1090,0.9914,22.0527,0.1801,0.4238,15.6173
0.1056,0.9896,18.8420,0.1700,0.4486,41.7684
0.0954,0.9896,21.8457,0.1774,0.2377,56.4733
0.1340,0.9865,27.4874,0.2424,0.4843,3.5580
0.1024,0.9895,17.3650,0.2238,0.3640,20.6988
0.1106,0.9878,40.9003,0.2104,0.3968,6.5273
0.1431,0.9900,16.9292,0.1668,0.4690,18.5339
0.1329,0.9879,26.5805,0.1563,0.2606,1.5329
0.1228,0.9905,19.8216,0.2177,0.2010,45.0177
0.0912,0.9955,17.7285,0.2266,0.2598,20.4641
0.1072,0.9900,18.9846,0.1630,0.1678,55.0786
0.1161,0.9946,19.7880,0.2133,0.2414,19.7162
0.1531,0.9946,22.1253,0.2200,0.2900,19.2446
0.1139,0.9962,17.2242,0.1819,0.3567,23.3364
0.0817,0.9998,3.7160,0.1066,0.9939,44.3229
0.1241,0.9899,21.9299,0.2057,0.3249,23.5482
0.1235,0.9926,19.3836,0.1466,0.5933,30.9256
0.1457,0.9940,19.5148,0.1505,0.2872,58.6879
0.1650,0.9918,20.2239,0.1773,0.2030,23.9124
0.1360,0.9926,21.8202,0.2195,0.1415,22.2248
0.0869,0.9919,20.9824,0.1585,0.1047,55.0886
0.1437,0.9899,25.4524,0.1561,0.4054,47.0015
0.1605,0.9910,20.8993,0.1795,0.4262,47.9877
0.1424,0.9858,40.2439,0.2292,0.1450,5.2631
0.1616,0.9910,21.4070,0.1844,0.2211,22.7818
0.1373,0.9914,21.7546,0.1793,0.1774,23.3751
0.1537,0.9919,22.2996,0.1890,0.0557,15.4779
0.1538,0.9925,24.0254,0.1879,0.3287,7.4103
0.0989,0.9910,52.3002,0.1138,0.9870,8.9355
0.1513,0.9945,20.0738,0.1549,0.3602,51.3602
0.1207,0.9926,19.3264,0.1855,0.3009,2.2340
0.1314,0.9911,20.9566,0.1461,0.5170,40.7409
0.1127,0.9943,20.0115,0.1172,0.1511,58.4307
0.0938,0.9935,22.7403,0.2039,0.1235,28.5348
0.1947,0.9908,18.9519,0.2366,0.3159,8.4521
0.1059,0.9911,19.1254,0.1344,0.3109,31.6380
0.1139,0.9906,22.8341,0.1338,0.1941,45.6315
0.1335,0.9924,18.3570,0.1560,0.2622,19.1785
0.1108,0.9919,22.7968,0.1811,0.5065,51.3706
0.1504,0.9914,20.3698,0.1517,0.0941,30.8733
0.1394,0.9922,18.9372,0.1969,0.0523,56.5071
0.1160,0.9923,17.6925,0.2028,0.4071,14.8797
0.1486,0.9894,19.1056,0.1734,0.4067,3.0488
0.1510,0.9957,16.1328,0.1617,0.1670,40.3825
0.1421,0.9927,20.3525,0.1636,0.3052,16.5814
0.1455,0.9932,24.3102,0.1668,0.3764,21.3407
0.1268,0.9937,21.3442,0.1702,0.2257,33.4299
0.1164,0.9904,20.8239,0.1794,0.1852,47.1264
0.0519,0.9965,14.0587,0.1086,0.9911,46.6396
0.0893,0.9902,18.5619,0.1920,0.3330,34.8175
0.1243,0.9935,21.7704,0.1968,0.3322,50.8433
0.1448,0.9861,20.0158,0.1624,0.3737,40.8800
0.1733,0.9883,23.7230,0.2088,0.6225,4.0384
0.1086,0.9954,19.5257,0.2157,0.3477,15.9008
0.0797,0.9951,12.0421,0.1661,0.9868,54.0241
0.0946,0.9915,17.7303,0.2463,0.2652,49.0432
0.1110,0.9908,24.0166,0.1534,0.4065,46.6220
0.0941,0.9905,51.2272,0.2117,0.4883,21.1384
0.1383,0.9913,21.0539,0.1839,0.3007,44.3184
0.1339,0.9904,19.8175,0.1531,0.2868,58.0313
0.1255,0.9844,38.4900,0.1730,0.2701,16.9902
0.1742,0.9898,28.6595,0.1896,0.3087,13.1165
0.1589,0.9858,17.3039,0.2003,0.2855,0.5296
0.1320,0.9917,17.6643,0.1430,0.1667,54.2392
0.1528,0.9900,27.9805,0.1750,0.3161,6.6949
0.1537,0.9919,20.4904,0.1707,0.2762,40.9528
0.1220,0.9927,13.8075,0.1672,0.0066,54.2351
0.1562,0.9908,20.7149,0.1585,0.1687,51.9947
0.1348,0.9940,18.7062,0.1867,0.2616,36.2007
0.1336,0.9875,39.7728,0.2364,0.3475,8.1942
0.1341,0.9940,22.0300,0.1933,0.3488,10.4562
0.1603,0.9912,17.9568,0.1827,0.0622,52.3889
0.1004,0.9919,8.2138,0.1259,0.9834,50.2014
0.1540,0.9915,19.5086,0.1699,0.3182,5.3382
0.1010,0.9906,19.5281,0.2714,0.5456,10.8692
0.1185,0.9929,18.3725,0.1676,0.4628,43.7121
0.1411,0.9909,19.5589,0.1673,0.0647,18.6451
0.1156,0.9908,19.9720,0.2087,0.3902,21.6737
0.1397,0.9936,20.1554,0.1485,0.2352,10.1890
0.0811,0.9932,19.6489,0.2105,0.2741,34.7360
0.1444,0.9904,32.5247,0.1894,0.5544,20.2038
0.1361,0.9922,19.1939,0.1823,0.4348,20.2842
0.1257,0.9942,19.5519,0.1855,0.1280,18.6139
0.1327,0.9919,20.0419,0.1914,0.0894,54.4474
0.1461,0.9920,24.3350,0.1871,0.3901,23.5999
0.1201,0.9920,17.0187,0.2261,0.5415,16.5236
0.1484,0.9888,17.1403,0.1925,0.5102,43.2477
0.0946,0.9943,19.1738,0.1913,0.4694,31.9892
0.1095,0.9906,19.3262,0.1907,0.1942,0.1910
0.1306,0.9917,15.4245,0.1827,0.2238,46.0207
0.0972,0.9935,16.8517,0.1988,0.3034,18.2740
0.1168,0.9901,14.5358,0.1469,0.6967,58.6590
0.1414,0.9926,17.3405,0.1633,0.3947,16.7998
0.1014,0.9929,25.0594,0.1503,0.2643,16.0215
0.0942,0.9947,15.9580,0.2046,0.2880,56.7447
0.0886,0.9910,17.9438,0.2578,0.5655,49.6279
0.1155,0.9945,24.0839,0.1690,0.2060,1.7366
0.1169,0.9832,56.0841,0.2419,0.5095,4.5830
0.1095,0.9921,23.0585,0.1405,0.4246,55.9788
0.1731,0.9926,19.5272,0.2086,0.2907,2.5676
0.0716,0.9930,14.4702,0.0905,0.9837,41.7700
0.1474,0.9885,33.2302,0.2258,0.3831,13.0581
0.1776,0.9913,15.6777,0.1928,0.1972,47.8391
0.1068,0.9931,20.7545,0.1792,0.4094,40.1262
0.0977,0.9953,19.0281,0.2212,0.3188,11.4746
0.1542,0.9929,23.9557,0.1957,0.2597,12.6059
0.1373,0.9872,19.5462,0.2091,0.5856,33.2446
0.1586,0.9851,31.3476,0.2267,0.4683,2.5241
0.0399,0.9878,13.8333,0.0673,0.9865,55.0790
0.1271,0.9949,22.4058,0.1846,0.2545,58.1006
0.1668,0.9929,20.0871,0.1783,0.2431,16.8531
0.1201,0.9957,16.3103,0.1658,0.2699,24.7743
0.1321,0.9915,16.9163,0.1888,0.1810,35.3393
0.0998,0.9918,19.2482,0.2026,0.3925,12.4513
0.1306,0.9920,18.4707,0.1804,0.1640,56.6475
0.1199,0.9921,21.2346,0.1837,0.3875,17.9148
0.1502,0.9927,20.2450,0.1810,0.4738,4.9528
0.1241,0.9919,20.0078,0.1762,0.2853,18.5511
0.1269,0.9954,18.6245,0.2020,0.1585,5.2762
0.1414,0.9909,24.2739,0.1629,0.2142,5.7367
0.1242,0.9895,20.3773,0.1846,0.2754,44.1060
0.1311,0.9920,17.6094,0.1348,0.2506,56.1495
0.1139,0.9889,43.2960,0.1884,0.3265,16.1197
0.1172,0.9948,18.9919,0.1768,0.0393,30.2901
0.1061,0.9912,18.5267,0.1621,0.5451,47.6942
0.1084,0.9915,24.2243,0.2037,0.3365,15.6942
0.1239,0.9911,18.4668,0.1525,0.1437,55.3522
0.1126,0.9876,48.6750,0.2492,0.6383,15.1243
0.1653,0.9919,20.5568,0.2205,0.3062,8.0277
0.1196,0.9908,24.1931,0.1742,0.2908,54.2605
0.1330,0.9890,22.5801,0.1632,0.4956,9.7635
0.1195,0.9932,17.4837,0.1489,0.3100,46.5864
0.1038,0.9954,20.7542,0.1949,0.2428,14.2350
0.1031,0.9930,21.4397,0.1308,0.3545,31.9762
0.1576,0.9906,32.1825,0.2086,0.2058,4.6927
0.1118,0.9948,21.5842,0.1335,0.1498,20.9323
0.1201,0.9891,17.9101,0.1640,0.5408,36.2580
0.1223,0.9921,13.3926,0.1729,0.2084,49.4184
0.1220,0.9939,17.2168,0.1487,0.1091,12.4656
0.1320,0.9931,19.8069,0.2090,0.3235,43.2564
0.1084,0.9887,16.9592,0.2103,0.3444,24.2500
0.1448,0.9920,15.8492,0.1869,0.2521,5.2299
0.1546,0.9930,17.4974,0.1849,0.2694,19.5536
0.1237,0.9871,20.1892,0.1871,0.4617,11.9943
0.1388,0.9931,21.9625,0.2470,0.5543,22.1336
0.0587,0.9944,14.8007,0.0818,0.9898,56.0225
0.1295,0.9895,16.3000,0.1431,0.3551,54.8237
0.1068,0.9936,20.6272,0.1675,0.2100,39.9742
0.1605,0.9961,18.0719,0.1711,0.0674,54.0861
0.1078,0.9913,15.1423,0.2415,0.4207,48.3093
0.1249,0.9929,18.6148,0.1254,0.4265,17.0277
0.2060,0.9908,19.0188,0.2231,0.4054,6.7175
0.1140,0.9895,19.8111,0.1206,0.7360,38.6084
0.1269,0.9922,21.2855,0.1658,0.2495,4.3909
0.1710,0.9926,16.8228,0.1919,0.3067,18.1849
0.1377,0.9936,19.6591,0.1604,0.1967,58.5144
0.1367,0.9893,16.3490,0.1893,0.2103,40.4008
0.1480,0.9873,16.0267,0.1587,0.4518,48.3823
0.1048,0.9914,25.6986,0.2188,0.3088,26.5593
0.1139,0.9913,19.0127,0.2036,0.4317,10.9345
0.1014,0.9930,19.7217,0.2000,0.5195,53.6831
0.0911,0.9929,25.9804,0.2026,0.2710,34.6497
0.0819,0.9894,5.7450,0.0961,0.9872,58.1454
0.0885,0.9919,2.2805,0.1045,0.9646,46.9107
0.1304,0.9904,26.7786,0.2412,0.4833,13.8351
0.1295,0.9934,17.9713,0.2228,0.4198,2.3656
0.1140,0.9939,20.5218,0.1647,0.2724,43.5745
0.1236,0.9904,19.2968,0.1836,0.4524,46.4492
0.1176,0.9917,16.8841,0.1558,0.2867,46.8838
0.1430,0.9871,17.7416,0.2032,0.1466,30.5387
0.1182,0.9923,45.3520,0.1942,0.2676,15.0890
0.1426,0.9934,20.9894,0.1789,0.5230,20.0331
0.1082,0.9884,22.1683,0.1358,0.2197,36.1114
0.1356,0.9947,21.7786,0.1551,0.1555,50.9092
0.1172,0.9952,18.9215,0.1266,0.1193,59.2019
0.0886,0.9953,18.4885,0.1820,0.3211,40.3067
0.0183,0.9964,11.6430,0.1658,0.9803,49.9367
0.1091,0.9913,18.1658,0.1481,0.3830,46.9606
0.0415,0.9937,8.4760,0.1106,0.9781,46.9403
0.1136,0.9950,25.5469,0.1823,0.1886,19.7429
0.1024,0.9953,16.2312,0.1957,0.0919,34.1415
0.1237,0.9912,19.1841,0.1771,0.3838,4.2380
0.1373,0.9877,43.0983,0.1612,0.3796,15.4401
0.1265,0.9932,15.6022,0.1777,0.3602,19.7173
0.1484,0.9904,19.1208,0.1978,0.2794,4.2065
0.1141,0.9921,18.6715,0.1900,0.2059,38.9213
0.1510,0.9942,18.7414,0.2048,0.1722,11.6230
0.0948,0.9933,17.2099,0.1465,0.0956,49.3354
0.1345,0.9873,18.4149,0.1473,0.4640,28.8149
0.1151,0.9966,17.9905,0.2907,0.3076,18.8408
0.0873,0.9899,19.9563,0.1573,0.4782,52.5512
0.1301,0.9946,20.8324,0.2253,0.3022,15.3587
0.1469,0.9922,19.9002,0.1919,0.1466,11.0224
0.1143,0.9927,17.7032,0.1537,0.1118,39.4426
0.1692,0.9936,18.2579,0.1704,0.2276,49.4583
0.0942,0.9923,21.8879,0.2021,0.4376,15.5846
0.1647,0.9900,14.8228,0.1950,0.3027,30.9814
0.1302,0.9959,20.9636,0.1568,0.0545,3.4544
0.1526,0.9935,18.2257,0.1645,0.2016,53.5106
0.1195,0.9935,19.2707,0.1602,0.1916,58.9820
0.1198,0.9864,21.1782,0.1627,0.4372,54.1542
0.1150,0.9922,17.3602,0.1485,0.2823,42.5397
0.1269,0.9907,17.3496,0.1401,0.1553,40.0368
0.1344,0.9922,19.8417,0.1732,0.4283,43.2851
0.1140,0.9894,23.1284,0.1407,0.1673,57.5791
0.1253,0.9923,21.5041,0.2068,0.3807,8.9567
0.1371,0.9934,18.2673,0.2300,0.2988,0.2550
0.1090,0.9897,16.4340,0.1970,0.3473,17.8944
0.1191,0.9909,15.8444,0.1639,0.1419,56.9549
0.1637,0.9912,15.7278,0.1938,0.4734,19.6344
0.1073,0.9956,15.1486,0.1771,0.5083,14.4486
0.1085,0.9918,21.1827,0.1703,0.3883,49.9238
0.1346,0.9936,17.5696,0.1692,0.2158,58.7606
0.1462,0.9918,17.2335,0.1722,0.2078,40.5412
0.1590,0.9938,17.6795,0.1903,0.1857,18.6070
0.1430,0.9905,16.8164,0.2036,0.3070,25.9720
0.1091,0.9940,17.7152,0.1253,0.2712,57.8359
0.1165,0.9910,14.8417,0.1516,0.3292,34.9955
0.0882,0.9921,17.6716,0.1425,0.1238,56.9273
0.1339,0.9935,18.8227,0.1576,0.1666,2.9784
0.1575,0.9919,45.8247,0.1636,0.2280,20.9268
0.1464,0.9933,18.2073,0.2138,0.4501,12.9337
0.1289,0.9930,18.6123,0.1599,0.3307,36.6035
0.1314,0.9927,18.0635,0.1511,0.3311,37.7893
0.1223,0.9902,18.3414,0.1660,0.3028,49.5190
0.1216,0.9919,22.2573,0.2297,0.4598,8.7922
0.1121,0.9931,14.7913,0.1801,0.2487,52.3921
0.1612,0.9923,19.5529,0.1807,0.4508,11.3366
0.1506,0.9928,20.2065,0.1906,0.2237,23.0441
0.1105,0.9910,21.1972,0.1215,0.5673,54.0493
0.1202,0.9909,22.6990,0.2292,0.2103,28.9665
0.1442,0.9907,26.8456,0.2046,0.2752,7.3077
0.1111,0.9920,21.9268,0.1700,0.1731,52.4820
0.0255,0.9936,23.5470,0.3167,0.8720,22.6258
0.1320,0.9886,19.2426,0.1893,0.4233,41.2647
0.1360,0.9888,17.3473,0.1453,0.1959,40.8912
0.1116,0.9936,19.9032,0.2054,0.2057,46.8905
0.1326,0.9948,19.0777,0.1959,0.1817,2.4828
0.1099,0.9959,17.0158,0.1798,0.1281,21.1398
0.1266,0.9935,20.0478,0.1456,0.2707,33.0258
0.1186,0.9903,17.7612,0.2141,0.4097,15.0320
0.1126,0.9895,21.4072,0.1873,0.4512,5.1255
0.1243,0.9905,23.4696,0.1563,0.2102,52.5662
0.1577,0.9868,43.1751,0.1858,0.3492,9.5763
0.1667,0.9949,20.7974,0.2259,0.2311,19.7215
0.1090,0.9933,24.1511,0.1685,0.3803,29.7859
0.1153,0.9915,14.6644,0.1583,0.3003,58.5142
0.1329,0.9923,21.5997,0.2310,0.3410,56.1354
0.1593,0.9903,25.8560,0.1954,0.5494,13.1659
0.1469,0.9942,23.0740,0.2033,0.0686,17.3346
0.1444,0.9927,21.5290,0.2986,0.3906,1.7507
0.1241,0.9942,17.1091,0.1754,0.4596,41.4923
0.0886,0.9938,16.7228,0.2081,0.2849,27.1875
0.1286,0.9904,37.0135,0.1929,0.5304,4.7695
0.1335,0.9902,20.3351,0.1477,0.4960,58.7736
0.1788,0.9912,17.1285,0.1790,0.4001,12.9054
0.1310,0.9897,33.9391,0.2300,0.2504,12.1067
0.1160,0.9925,21.2314,0.2393,0.5774,15.1307
0.0993,0.9938,17.9097,0.2472,0.5770,12.8342
0.1253,0.9928,20.4103,0.1660,0.1036,38.3674
0.0461,0.9947,54.6189,0.1396,0.9642,13.7212
0.1420,0.9920,23.9837,0.1626,0.0467,10.2363
0.1209,0.9887,24.2338,0.1785,0.2442,30.3166
0.1327,0.9926,21.7318,0.1642,0.1508,21.5135
0.1213,0.9896,24.2300,0.1289,0.0516,48.0446
0.1417,0.9924,12.6262,0.1553,0.0122,54.4871
0.1040,0.9883,50.0468,0.1622,0.9814,11.5975
0.1232,0.9912,20.1433,0.2117,0.1125,48.2665
0.0966,0.9909,24.0959,0.2050,0.1921,53.5981
0.0598,0.9921,2.0673,0.0897,0.9886,41.9469
0.1426,0.9908,21.2452,0.1464,0.3017,28.5182
0.1230,0.9921,17.6467,0.2027,0.2728,20.8227
0.0491,0.9954,56.4858,0.2416,0.9924,0.9617
0.1695,0.9930,20.3993,0.1753,0.1840,2.7150
0.1456,0.9898,27.0928,0.1934,0.4971,12.9585
0.0821,0.9928,52.3548,0.1207,0.9906,9.6507
0.1477,0.9923,18.9926,0.1901,0.0752,57.0347
0.1165,0.9924,20.1190,0.1474,0.0892,25.6037
0.1177,0.9930,20.7961,0.1999,0.2599,11.2394
0.1293,0.9925,16.7229,0.2081,0.3652,45.5071
0.1430,0.9916,20.0888,0.1785,0.2270,29.3731
0.1673,0.9919,20.8542,0.1861,0.1810,42.7587
0.1322,0.9939,16.4449,0.1330,0.3984,49.9854
0.1203,0.9932,20.9053,0.1988,0.2029,19.4303
0.1626,0.9875,24.3739,0.1804,0.3800,6.5995
0.1297,0.9923,16.9977,0.1440,0.3345,7.9361
0.1161,0.9906,24.4297,0.1674,0.3054,8.8570
0.1094,0.9918,18.9994,0.2130,0.3076,34.9182
0.0851,0.9940,18.1748,0.1348,0.6489,37.7666
0.1367,0.9936,18.5613,0.1432,0.2599,54.0300
0.0852,0.9911,17.6056,0.1631,0.5554,55.3107
0.1230,0.9943,18.4775,0.1824,0.2447,23.0125
0.0761,0.9912,17.2516,0.3048,0.5355,19.3051
0.1072,0.9893,16.2191,0.1557,0.0734,54.2726
0.1024,0.9931,18.8192,0.2333,0.5911,9.5102
0.1072,0.9909,20.8797,0.1641,0.3077,32.2344
0.1192,0.9932,14.9991,0.1837,0.3421,3.8887
0.1148,0.9955,20.0480,0.1600,0.2056,0.9878
0.1506,0.9931,16.5606,0.1536,0.4625,57.9959
0.1375,0.9916,23.2061,0.1868,0.2059,25.5405
0.1472,0.9897,25.6941,0.1975,0.4092,3.5445
0.0761,0.9890,5.0000,0.1377,0.9826,57.9418
0.1273,0.9891,23.5398,0.1634,0.3156,16.9512
0.0977,0.9916,13.3604,0.1668,0.0862,43.1367
0.1306,0.9901,21.0264,0.1715,0.4769,39.9960
0.1379,0.9915,16.6859,0.2218,0.2459,24.3124
0.1240,0.9904,15.7303,0.1588,0.2835,44.7707
0.1106,0.9928,18.3792,0.1472,0.2236,58.2167
0.0919,0.9895,16.9237,0.2134,0.3565,48.8660
0.1568,0.9933,17.1512,0.1778,0.2517,44.8157
0.0944,0.9911,18.3929,0.2092,0.1953,8.3912
0.1754,0.9920,15.7765,0.2006,0.1393,6.4347
0.1153,0.9954,16.0275,0.1434,0.0456,42.6969
0.1247,0.9952,18.2113,0.2501,0.4431,5.6253
0.0864,0.9956,18.6461,0.2242,0.1801,13.5505
0.1727,0.9957,18.4335,0.1957,0.0883,14.6361
0.0708,0.9908,18.3757,0.1893,0.6359,47.1007
0.1119,0.9906,20.1757,0.1672,0.5808,52.2640
0.1329,0.9918,19.9103,0.1818,0.1610,45.7946
0.1199,0.9930,20.3884,0.1563,0.2909,50.8483
0.1108,0.9901,17.3813,0.1641,0.0358,45.5535
0.1303,0.9872,19.0968,0.1826,0.3549,40.3881
0.1084,0.9948,19.6420,0.1965,0.4684,7.7917
0.1225,0.9866,17.1674,0.1631,0.6069,54.9373
0.1129,0.9943,19.4665,0.1529,0.0736,3.3846
0.1231,0.9951,18.0735,0.1667,0.1278,55.2492
0.1254,0.9904,16.9169,0.1368,0.2300,28.3777
0.1541,0.9918,15.3820,0.1649,0.4377,27.0906
0.1224,0.9933,20.5106,0.1314,0.1496,41.7759
0.1399,0.9913,16.3835,0.1428,0.1775,23.9534
0.1455,0.9938,19.1828,0.2027,0.3891,23.9577
0.1439,0.9955,26.0684,0.2136,0.1178,12.4268
0.1212,0.9916,20.0408,0.1579,0.3967,19.2634
0.1453,0.9909,16.5107,0.1491,0.2266,29.8349
0.0817,0.9897,19.6358,0.2429,0.5994,40.6956
0.1402,0.9898,27.3974,0.2057,0.2891,41.1801
0.1555,0.9944,17.2354,0.1874,0.2496,6.6568
0.1045,0.9938,16.4806,0.1903,0.2976,27.9769
0.1215,0.9922,19.2907,0.1366,0.2977,0.7125
0.1224,0.9915,22.9838,0.1823,0.4177,21.0823
0.0983,0.9947,17.6513,0.1940,0.3505,5.8788
0.1087,0.9916,18.8976,0.1496,0.2460,8.1502
0.1533,0.9918,24.8427,0.2281,0.5157,22.8486
0.1598,0.9894,33.6477,0.1829,0.3729,3.6895
0.1179,0.9886,24.4213,0.1212,0.4235,46.7489
0.1437,0.9913,19.5527,0.1747,0.7460,18.5850
0.1166,0.9890,20.3216,0.1892,0.4249,22.9896
0.1117,0.9939,19.7767,0.2084,0.0745,36.5184
0.1052,0.9888,17.4482,0.2182,0.1296,15.2115
0.1047,0.9904,17.3110,0.1553,0.1087,47.0814
0.1157,0.9912,17.9626,0.1382,0.1048,59.2014
0.1507,0.9942,19.9521,0.1565,0.3103,14.0060
0.1055,0.9921,18.4152,0.1864,0.0973,46.7725
0.1460,0.9919,16.3588,0.1821,0.2886,46.4251
0.1354,0.9905,18.5176,0.1926,0.3927,52.9979
0.1402,0.9931,20.7612,0.1629,0.1707,52.4867
0.1004,0.9878,55.6582,0.1699,0.2352,15.0966
0.1377,0.9913,22.5900,0.1389,0.1527,3.4297
0.1733,0.9926,21.3262,0.2029,0.1516,6.9060
0.1490,0.9908,21.3937,0.1758,0.1211,57.9537
0.1003,0.9932,17.6100,0.2073,0.3457,26.3412
0.1311,0.9947,22.2668,0.1413,0.4171,18.0248
0.1215,0.9900,20.9623,0.1275,0.2800,20.3533
0.1170,0.9936,22.0410,0.1799,0.3087,11.2998
0.1159,0.9900,25.7834,0.1811,0.3577,14.4977
0.1286,0.9906,35.2163,0.1542,0.1624,14.8201
0.1294,0.9936,18.3497,0.2223,0.3771,9.7471
0.1398,0.9918,17.5835,0.1471,0.3699,43.2342
0.1178,0.9940,16.9269,0.1370,0.2062,34.5090
0.1066,0.9926,14.6010,0.1469,0.3335,59.1184
0.1485,0.9882,35.0522,0.1723,0.3693,8.7555
0.1282,0.9929,20.4010,0.1678,0.1713,11.1071
0.1180,0.9906,20.5704,0.1725,0.2196,9.8850
0.1245,0.9906,20.9278,0.1954,0.4091,52.7973
0.1580,0.9896,21.7751,0.1827,0.0667,40.1872
0.1328,0.9899,18.0032,0.1576,0.3424,11.6842
0.1252,0.9928,20.1700,0.1844,0.1527,39.7662
0.1278,0.9955,17.2594,0.2131,0.2480,10.7132
0.0784,0.9952,18.5757,0.1515,0.2622,59.5768
0.1164,0.9932,16.3871,0.2370,0.5789,22.4424
0.1433,0.9946,17.6259,0.2038,0.2820,17.5608
