0.0728,0.9889,17.4325,0.1776,0.2841,52.4587
0.0829,0.9800,18.8681,0.2077,0.3590,20.2501
0.0957,0.9877,15.4896,0.1520,0.3656,56.0131
0.0794,0.9867,21.7679,0.1850,0.3922,16.9126
0.0867,0.9849,21.0602,0.1278,0.6087,0.4263
0.0978,0.9857,20.6812,0.1494,0.4042,20.6664
0.0840,0.9851,20.9654,0.1628,0.2348,33.2771
0.0832,0.9879,20.9408,0.2077,0.2914,54.4817
0.0850,0.9889,20.8389,0.1656,0.4126,43.6398
0.0858,0.9889,16.7460,0.1665,0.3732,10.0300
0.0808,0.9842,20.6104,0.1589,0.2982,47.9554
0.0855,0.9869,22.5120,0.1503,0.4081,31.8840
0.0852,0.9815,18.8315,0.1622,0.3117,27.1714
0.0902,0.9874,24.3337,0.1617,0.2735,28.1052
0.0617,0.9831,18.4506,0.1845,0.5267,45.9786
0.0823,0.9879,20.7143,0.1871,0.4053,24.6384
0.0903,0.9786,24.0995,0.1533,0.2976,32.7824
0.0656,0.9860,18.9847,0.1759,0.4362,25.8067
0.0821,0.9813,22.6021,0.1763,0.3589,29.8166
0.0638,0.9895,20.6822,0.1698,0.5550,3.0034
0.0818,0.9776,25.1599,0.1490,0.2754,59.9338
0.0744,0.9887,17.7615,0.1920,0.4040,26.9884
0.0995,0.9883,17.0627,0.1691,0.3457,23.7305
0.0939,0.9855,20.5521,0.1543,0.1609,43.9312
0.0734,0.9855,23.4189,0.1380,0.4139,22.7374
0.0726,0.9854,20.4484,0.1504,0.3694,11.4521
0.0988,0.9877,21.1427,0.1492,0.2921,24.5840
0.0911,0.9889,21.8012,0.1500,0.4897,22.5943
0.0938,0.9779,22.6859,0.1664,0.2430,43.2936
0.0676,0.9881,19.8439,0.1716,0.3953,36.5689
0.0713,0.9867,18.2731,0.1783,0.4365,35.4284
0.0774,0.9833,18.5438,0.1956,0.4454,10.6090
0.0853,0.9861,21.0911,0.1626,0.5332,38.5546
0.0844,0.9815,20.4323,0.1624,0.2385,38.0595
0.0794,0.9870,21.2581,0.1650,0.4884,35.2758
0.0735,0.9902,19.2467,0.1681,0.5084,23.3979
0.1046,0.9887,20.4783,0.1346,0.2682,46.0575
0.0904,0.9845,23.2863,0.1864,0.1409,16.7821
0.0827,0.9891,19.2433,0.1424,0.4279,51.1318
0.0788,0.9864,22.4324,0.1881,0.3756,20.1898
0.0765,0.9755,15.7727,0.1645,0.2843,53.8198
0.0675,0.9812,25.3819,0.1793,0.3958,54.5988
0.1030,0.9764,20.4500,0.1344,0.1811,37.8703
0.0791,0.9850,19.0161,0.1539,0.2673,48.0811
0.0858,0.9860,20.4758,0.1986,0.3580,37.5521
0.0937,0.9770,17.7703,0.1393,0.2476,52.3668
0.0850,0.9851,19.9091,0.1670,0.2654,59.9519
0.0861,0.9877,19.5265,0.1481,0.3772,51.9327
0.0822,0.9808,16.3444,0.1682,0.2714,50.2908
0.0763,0.9885,18.9105,0.1471,0.4152,14.1320
0.0905,0.9866,25.5709,0.1739,0.3671,18.4511
0.0787,0.9869,21.7669,0.1400,0.3760,3.0535
0.0935,0.9883,20.3280,0.1523,0.2222,58.4557
0.0988,0.9817,17.5741,0.1612,0.1773,53.0426
0.0689,0.9872,21.4273,0.1797,0.5345,23.1620
0.0942,0.9862,22.4876,0.1584,0.3687,33.8245
0.0905,0.9890,17.7085,0.1645,0.4698,26.7848
0.0787,0.9840,19.1579,0.1941,0.4442,20.9294
0.0666,0.9843,21.4905,0.1450,0.4657,54.7482
0.0903,0.9887,17.0828,0.1665,0.3665,55.1812
0.0867,0.9827,20.1176,0.1726,0.3894,47.2542
0.0895,0.9805,17.6873,0.1606,0.2282,43.7033
0.0808,0.9829,19.5634,0.1505,0.3898,54.5323
0.0624,0.9872,19.1554,0.1802,0.4809,38.0355
0.0878,0.9771,23.1722,0.1649,0.0826,54.4104
0.0761,0.9852,18.4146,0.1827,0.4363,47.6338
0.0774,0.9836,20.6417,0.1745,0.4335,55.0635
0.1009,0.9869,25.4650,0.1738,0.2615,32.2347
0.0818,0.9854,19.7684,0.1748,0.2590,37.4459
0.0773,0.9816,19.9173,0.1648,0.3337,50.3489
0.0808,0.9874,18.7320,0.1711,0.5641,50.5664
0.0766,0.9869,22.3996,0.1491,0.4264,50.9553
0.0781,0.9851,20.9280,0.1593,0.2593,3.1792
0.0935,0.9852,22.2729,0.1711,0.2899,29.5429
0.0797,0.9859,18.9019,0.1753,0.3647,45.2327
0.0770,0.9809,18.8093,0.1671,0.3342,43.4767
0.0819,0.9837,20.3143,0.1706,0.2391,56.9704
0.0976,0.9869,22.3589,0.1479,0.3255,8.7650
0.0656,0.9825,13.4266,0.1538,0.5002,57.9693
0.0829,0.9871,22.8748,0.1722,0.3719,40.2721
0.0900,0.9812,18.3346,0.1334,0.1873,58.0227
0.0988,0.9917,22.2093,0.1548,0.3689,59.5696
0.0728,0.9913,18.8814,0.1721,0.5184,58.5879
0.0915,0.9878,21.1885,0.1722,0.1978,35.5405
0.0846,0.9875,17.7735,0.2003,0.3563,46.6140
0.0874,0.9780,19.7043,0.1860,0.2252,45.4393
0.0859,0.9899,20.7597,0.1715,0.2844,34.4422
0.0882,0.9801,17.2030,0.1959,0.3000,51.1359
0.0705,0.9866,23.3120,0.1828,0.3989,34.7411
0.0665,0.9867,19.9440,0.1670,0.5530,20.2769
0.0944,0.9899,20.8010,0.1492,0.3856,57.8102
0.0812,0.9846,21.0384,0.1567,0.3268,17.3009
0.0843,0.9796,18.2042,0.1873,0.3432,47.9509
0.1001,0.9852,25.2201,0.1617,0.3083,45.2648
0.0839,0.9832,18.9326,0.1721,0.3000,47.9994
0.0710,0.9837,19.1609,0.1733,0.4076,41.0087
0.0779,0.9891,20.5585,0.1366,0.4833,17.0863
0.0640,0.9876,22.5564,0.1706,0.4396,47.5861
0.0822,0.9776,16.8483,0.1859,0.4821,52.6025
0.0877,0.9894,22.0195,0.1852,0.4110,4.8960
0.0662,0.9845,20.2728,0.2009,0.5202,11.9610
0.0890,0.9865,18.3666,0.1658,0.2830,57.4620
0.0787,0.9905,22.3470,0.1871,0.4904,31.6229
0.0661,0.9865,22.0700,0.1570,0.3622,14.1130
0.0822,0.9827,16.5195,0.1660,0.2989,55.3127
0.0709,0.9849,21.5488,0.1528,0.4474,27.6344
0.1028,0.9840,25.2059,0.1587,0.2101,53.6435
0.0825,0.9912,19.3824,0.1617,0.4232,59.3136
0.0655,0.9806,21.5142,0.1567,0.3913,34.6801
0.0749,0.9846,21.2307,0.1807,0.2981,46.7758
0.0760,0.9881,20.8882,0.1453,0.5640,22.0915
0.0991,0.9882,22.2329,0.1634,0.2896,31.4467
0.0948,0.9752,26.7950,0.1464,0.1712,54.3733
0.0814,0.9832,20.6844,0.1485,0.3152,41.7990
0.0739,0.9828,19.0497,0.1548,0.3550,37.7712
0.0901,0.9883,22.5358,0.1716,0.4302,5.7251
0.0636,0.9866,13.9350,0.1854,0.3539,38.7964
0.0870,0.9868,21.0588,0.1458,0.3298,41.3503
0.1076,0.9884,23.4565,0.1286,0.4001,45.6458
0.0753,0.9844,26.3088,0.2004,0.4181,8.7420
0.0873,0.9889,23.5574,0.1422,0.4691,44.2552
0.0830,0.9853,20.9973,0.1580,0.2113,12.1508
0.0698,0.9915,20.6647,0.1886,0.5022,12.4789
0.0659,0.9875,19.3664,0.1571,0.5075,48.7237
0.0951,0.9852,21.8299,0.1892,0.3607,52.7199
0.0797,0.9866,19.1418,0.1843,0.3433,36.6301
0.0607,0.9909,23.8454,0.2006,0.5327,16.1471
0.0724,0.9889,19.0531,0.1759,0.4055,1.2328
0.0888,0.9818,23.2214,0.1545,0.3615,54.9283
0.0720,0.9871,20.0023,0.1822,0.3945,4.7514
0.0572,0.9870,20.5363,0.1697,0.4581,37.9406
0.0575,0.9861,20.4457,0.1897,0.3744,59.1104
0.0911,0.9834,19.1390,0.1663,0.3611,22.6560
0.1038,0.9819,23.6128,0.1639,0.2435,1.2993
0.0629,0.9847,17.0003,0.1921,0.4656,42.3850
0.1112,0.9836,24.8058,0.1495,0.2210,9.1509
0.0713,0.9882,17.9892,0.1859,0.4256,14.3265
0.0669,0.9866,19.7054,0.1501,0.3339,58.1034
0.0742,0.9880,21.5955,0.1682,0.4092,13.1424
0.0879,0.9887,17.3001,0.1557,0.3358,15.7803
0.0772,0.9851,19.1848,0.1786,0.2373,46.9494
0.1025,0.9858,16.0803,0.1655,0.3045,53.3659
0.0815,0.9864,19.3774,0.1609,0.1601,56.8158
0.0809,0.9879,22.2861,0.1741,0.3280,49.8309
0.0921,0.9846,20.1843,0.1663,0.4542,9.1414
0.0780,0.9825,20.1961,0.1780,0.2631,20.8919
0.0831,0.9848,26.0524,0.1650,0.2902,35.7539
0.1020,0.9842,20.8458,0.1455,0.1794,38.6670
0.0695,0.9823,21.2971,0.1650,0.3832,13.3090
0.0823,0.9868,26.8413,0.1509,0.3463,29.3549
0.0929,0.9881,18.2087,0.1744,0.3095,12.8816
0.0848,0.9801,32.6911,0.1911,0.2686,10.4200
0.0831,0.9889,18.6706,0.1572,0.4731,36.5770
0.0698,0.9880,22.0654,0.1530,0.5374,14.1970
0.0926,0.9845,22.3004,0.1458,0.3211,10.5119
0.0980,0.9856,20.0478,0.1778,0.4573,18.3010
0.0801,0.9867,18.7775,0.1521,0.3695,16.9016
0.0827,0.9857,20.7547,0.1623,0.3399,41.8017
0.0834,0.9865,25.0030,0.1519,0.2577,10.7689
0.0880,0.9858,23.0595,0.1749,0.4969,7.7838
0.0769,0.9838,23.4731,0.1621,0.4232,59.2775
0.0708,0.9877,18.0424,0.1818,0.4133,49.2615
0.0779,0.9834,15.6793,0.2030,0.3994,40.4598
0.0888,0.9873,22.6952,0.1571,0.4326,19.6487
0.0801,0.9814,23.6855,0.1787,0.3688,21.3743
0.0823,0.9871,21.5620,0.1923,0.2667,53.0350
0.0688,0.9869,20.8113,0.2028,0.3402,52.9828
0.0770,0.9840,21.0358,0.1726,0.3903,53.8174
0.0700,0.9848,27.6159,0.1685,0.3447,17.4747
0.0697,0.9846,15.2736,0.1532,0.4653,22.3434
0.0801,0.9850,16.5054,0.1784,0.3298,58.0421
0.0815,0.9806,16.0933,0.1388,0.3197,42.7909
0.0680,0.9886,13.6978,0.1733,0.3684,49.6561
0.0760,0.9838,17.5651,0.1880,0.3756,34.4128
0.0736,0.9852,22.2989,0.1962,0.4336,56.8042
0.0823,0.9910,18.4616,0.1604,0.4808,42.6206
0.0863,0.9826,19.9063,0.1776,0.4118,29.5213
0.0778,0.9863,23.8253,0.1750,0.3217,24.9719
0.0759,0.9882,17.7544,0.1869,0.3540,34.5204
0.0646,0.9871,24.2608,0.1998,0.3856,42.6597
0.0960,0.9867,23.4862,0.1692,0.3718,15.4418
0.0714,0.9873,16.3602,0.1629,0.4937,55.5043
0.0814,0.9892,21.9610,0.1621,0.3834,18.0276
0.0862,0.9898,19.6796,0.1611,0.3134,47.8167
0.0807,0.9835,17.9879,0.1828,0.2484,57.1202
0.0800,0.9856,22.2190,0.1809,0.3927,16.0163
0.0871,0.9846,19.1898,0.1608,0.2431,43.4624
0.0874,0.9853,20.9390,0.1603,0.4090,23.1346
0.0729,0.9894,19.3472,0.1580,0.5952,2.1916
0.0861,0.9863,18.3362,0.1874,0.3053,49.7747
0.0820,0.9894,22.8702,0.1485,0.4434,8.8442
0.0822,0.9865,20.0167,0.1870,0.4497,37.2838
0.0764,0.9874,18.1456,0.1905,0.4416,54.8746
0.0824,0.9829,15.2444,0.1845,0.3942,33.4580
0.0900,0.9839,22.0066,0.1409,0.2879,52.1189
0.0711,0.9795,19.6270,0.1819,0.3041,23.0064
0.0783,0.9883,20.3493,0.1981,0.4905,22.1673
0.0933,0.9804,27.1388,0.1648,0.2647,40.8610
0.0789,0.9890,18.1109,0.1456,0.2889,35.1407
0.0651,0.9867,19.5247,0.1871,0.4574,49.5707
0.0845,0.9837,23.5272,0.1873,0.3563,16.3614
0.0916,0.9876,18.5923,0.1806,0.4793,25.9075
0.0871,0.9879,18.4132,0.1570,0.3914,48.5965
0.0804,0.9849,18.6892,0.1371,0.2705,40.5180
0.0872,0.9861,18.2675,0.1585,0.3419,23.1995
0.0689,0.9850,25.2921,0.1624,0.4631,4.5624
0.0663,0.9832,19.7310,0.1896,0.3734,43.0121
0.1076,0.9887,23.1716,0.1358,0.3212,43.4706
0.0800,0.9883,19.6584,0.1742,0.4023,19.1596
0.0771,0.9854,17.2862,0.1915,0.4922,52.1791
0.0901,0.9828,19.6983,0.1415,0.4181,51.9880
0.0806,0.9898,21.4171,0.1849,0.4119,16.1354
0.0811,0.9870,23.1003,0.1651,0.2914,12.4436
0.0979,0.9850,22.4108,0.1644,0.4600,10.4100
0.0809,0.9909,18.8888,0.1653,0.3554,38.7958
0.0708,0.9845,22.9096,0.1909,0.5015,32.0892
0.0851,0.9834,20.4463,0.1967,0.4451,19.1711
0.0918,0.9881,17.9564,0.1658,0.3336,47.0765
0.0789,0.9824,19.4017,0.1975,0.4358,31.9839
0.0905,0.9838,21.5894,0.1792,0.3110,55.8386
0.0924,0.9830,24.1667,0.1591,0.2687,59.5571
0.1059,0.9821,24.4080,0.1440,0.3103,41.4745
0.0989,0.9859,22.4335,0.1591,0.3181,46.8502
0.0878,0.9841,17.5455,0.1634,0.1481,58.2541
0.0692,0.9875,16.6976,0.1801,0.3827,30.2177
0.0958,0.9840,23.3770,0.1726,0.5266,26.9740
0.0761,0.9843,22.3183,0.1554,0.4146,38.1866
0.0653,0.9897,19.7582,0.2053,0.4775,51.6299
0.0795,0.9853,17.2531,0.1724,0.3042,23.3800
0.0940,0.9865,21.5269,0.1502,0.2289,57.8203
0.0766,0.9847,19.9815,0.2012,0.3363,17.5770
0.0905,0.9866,21.5505,0.1686,0.3696,58.0332
0.0784,0.9877,20.0475,0.2079,0.5044,56.9410
0.0869,0.9865,21.2939,0.1725,0.1694,53.6519
0.0893,0.9850,24.7008,0.1650,0.3463,11.7104
0.0783,0.9862,18.2563,0.2020,0.3411,44.8097
0.1017,0.9808,17.5668,0.1578,0.1384,48.0237
0.0885,0.9828,27.7822,0.1873,0.3171,55.6330
0.0801,0.9848,22.2448,0.1731,0.3717,35.9336
0.0907,0.9867,18.8875,0.1884,0.4087,43.0163
0.0802,0.9856,21.3788,0.1797,0.3239,5.7005
0.0869,0.9850,22.9748,0.1701,0.3761,25.1553
0.0873,0.9861,23.2636,0.1700,0.3808,20.2801
0.0629,0.9854,16.7406,0.1816,0.3512,55.2903
0.0795,0.9881,22.3911,0.1773,0.4052,14.7249
0.0804,0.9867,19.0937,0.1604,0.4680,22.4963
0.0767,0.9900,17.3800,0.1615,0.5015,47.7880
0.0953,0.9873,15.0153,0.1730,0.3567,56.7965
0.0780,0.9887,19.6631,0.1616,0.4809,17.2220
0.0944,0.9855,20.2168,0.1560,0.3129,20.4277
0.0731,0.9935,18.6936,0.1846,0.4846,55.7855
0.0905,0.9909,21.1427,0.1659,0.5265,14.2765
0.0806,0.9895,19.5571,0.1914,0.4153,23.4739
0.0951,0.9871,19.6742,0.1494,0.3825,5.4322
0.0683,0.9880,17.4713,0.1871,0.4663,37.3580
0.0790,0.9864,24.2990,0.1606,0.4609,15.7482
0.0798,0.9892,12.2008,0.1948,0.3571,47.8749
0.0775,0.9848,19.4883,0.1896,0.2232,55.5388
0.0996,0.9894,22.4163,0.1650,0.3326,2.1045
0.0911,0.9848,16.3492,0.1932,0.3588,51.5485
0.0644,0.9842,14.5608,0.1777,0.4326,20.8818
0.0596,0.9913,16.8512,0.1676,0.5702,32.9222
0.0872,0.9889,17.2140,0.1653,0.2831,41.6714
0.0764,0.9813,18.0517,0.1560,0.3225,8.8415
0.0846,0.9829,19.5356,0.1741,0.3823,56.4156
0.0885,0.9874,16.6938,0.1859,0.2519,56.9081
0.0910,0.9871,21.0387,0.1588,0.4182,37.6169
0.0829,0.9820,20.5898,0.1541,0.2933,1.4035
0.0719,0.9878,20.1197,0.2154,0.4224,48.3713
0.0785,0.9902,18.1971,0.1717,0.4306,48.7233
0.0945,0.9830,17.1114,0.1619,0.2222,53.4836
0.0842,0.9820,22.3989,0.1490,0.3554,13.1018
0.0842,0.9901,21.8376,0.1371,0.4330,10.3028
0.0869,0.9879,20.6020,0.1729,0.4185,54.2016
0.0820,0.9866,21.6722,0.1643,0.3729,41.6777
0.0871,0.9841,24.2741,0.1609,0.3351,30.6003
0.0806,0.9808,21.4576,0.1493,0.3798,25.2313
0.0737,0.9872,18.7857,0.1649,0.4205,26.6963
0.0753,0.9806,14.0781,0.1848,0.4775,50.6083
0.0736,0.9868,19.8534,0.1957,0.4881,37.8811
0.0741,0.9792,24.9226,0.2091,0.2856,22.4270
0.0670,0.9883,16.0258,0.2065,0.3413,39.8468
0.0918,0.9837,25.5421,0.1420,0.1244,55.1136
0.0839,0.9880,17.4527,0.1739,0.4076,54.1275
0.0786,0.9892,17.7899,0.1627,0.3769,21.8380
0.0782,0.9849,21.4487,0.2010,0.2692,38.2807
0.0871,0.9869,19.1504,0.1789,0.4650,51.9637
0.0850,0.9907,16.5725,0.1436,0.5423,36.2471
0.0786,0.9832,16.8623,0.1920,0.2946,38.1182
0.0856,0.9902,17.6809,0.1550,0.4287,30.2189
0.0796,0.9852,19.6089,0.1589,0.3478,35.7559
0.0875,0.9807,23.6150,0.1458,0.2134,59.9751
0.0749,0.9852,19.2326,0.1622,0.4100,40.8586
0.0836,0.9864,24.0926,0.1724,0.2243,10.6877
0.0805,0.9838,20.9930,0.1502,0.3459,30.2712
0.0709,0.9859,21.8262,0.1789,0.4094,47.3440
0.0750,0.9865,20.8798,0.1740,0.3903,10.1116
0.0913,0.9845,21.1604,0.1578,0.4022,35.8247
0.0936,0.9843,19.8280,0.1572,0.3621,58.1827
0.0798,0.9854,22.5145,0.1841,0.2990,57.5423
0.0765,0.9850,17.1814,0.1642,0.4049,29.9981
0.1035,0.9865,17.9819,0.1497,0.3577,47.4299
0.0887,0.9873,19.9254,0.1658,0.4871,16.9640
0.0954,0.9868,23.3575,0.1789,0.2948,30.6927
0.0713,0.9833,18.9841,0.1721,0.3768,20.4216
0.0705,0.9856,20.9771,0.1781,0.4545,3.2190
0.0810,0.9857,23.0907,0.1867,0.2660,58.1879
0.0683,0.9853,23.7996,0.1911,0.4602,21.2549
0.0866,0.9804,24.3696,0.1543,0.3558,34.1345
0.0834,0.9829,14.1949,0.1458,0.3542,41.2601
0.0934,0.9843,17.5716,0.1623,0.2519,20.5365
0.0675,0.9856,19.4986,0.1351,0.4981,56.4778
0.0755,0.9928,18.6279,0.1848,0.4240,22.0349
0.0815,0.9871,21.4604,0.1669,0.3755,43.5534
0.0845,0.9851,21.9611,0.1514,0.4545,28.2858
0.0953,0.9869,23.8163,0.1449,0.2419,45.7619
0.0721,0.9888,20.9080,0.1557,0.4866,24.7137
0.0799,0.9915,20.3730,0.1678,0.4829,41.2437
0.0801,0.9880,19.6340,0.1747,0.4081,33.2803
0.0940,0.9797,22.8689,0.1554,0.2675,46.5350
0.1016,0.9812,19.6606,0.1828,0.4390,54.7986
0.1001,0.9863,26.0516,0.1618,0.4348,15.3206
0.0858,0.9865,16.3775,0.1481,0.3627,58.1650
0.0728,0.9866,20.5410,0.1679,0.3568,50.1560
0.0675,0.9877,19.6902,0.1812,0.3365,29.0172
0.0816,0.9847,22.0939,0.1776,0.3198,41.6811
0.0783,0.9912,21.1367,0.1623,0.5272,57.4485
0.0922,0.9831,21.2981,0.1469,0.3873,20.3300
0.0887,0.9913,25.3006,0.1607,0.5398,26.8400
0.0684,0.9848,27.0861,0.1562,0.5064,22.8098
0.0764,0.9784,17.7890,0.1664,0.2862,49.8598
0.0853,0.9876,19.4231,0.1496,0.3282,53.7433
0.0807,0.9901,21.1012,0.1641,0.4467,5.1900
0.0772,0.9822,15.9781,0.1555,0.5017,34.0289
0.0831,0.9826,22.7688,0.1750,0.3057,11.9229
0.0832,0.9855,20.0326,0.1778,0.2798,14.2469
0.0774,0.9859,22.1199,0.1580,0.3586,28.9042
0.0813,0.9835,23.1342,0.1606,0.3400,56.5145
0.0841,0.9853,22.1896,0.1470,0.2092,30.4605
0.0713,0.9874,20.6346,0.1496,0.3074,20.9503
0.0620,0.9867,14.6811,0.1740,0.5000,30.7941
0.0750,0.9860,19.7596,0.1688,0.4201,0.9262
0.0809,0.9908,20.6384,0.1738,0.4234,38.6675
0.0852,0.9863,18.5069,0.1646,0.4643,55.1764
0.0847,0.9885,22.4312,0.1658,0.4086,33.7274
0.0980,0.9831,21.6215,0.1857,0.2667,12.8121
0.0752,0.9813,19.9744,0.1645,0.3122,35.7960
0.0777,0.9863,19.6306,0.1930,0.3048,52.4617
0.0870,0.9824,20.6301,0.1796,0.1912,53.9209
0.0702,0.9855,22.9273,0.1929,0.4084,45.0085
0.0907,0.9822,20.4456,0.1422,0.2261,37.4040
0.0925,0.9797,27.0210,0.1720,0.4331,35.5996
0.0681,0.9836,21.9906,0.1698,0.2216,16.8551
0.0846,0.9838,22.9526,0.1568,0.3857,50.9431
0.0845,0.9846,23.8523,0.1607,0.2694,19.2525
0.0790,0.9815,23.5345,0.1661,0.2783,54.1340
0.0754,0.9863,22.1941,0.1854,0.4564,20.1016
0.0886,0.9812,20.5817,0.1540,0.2984,58.3719
0.1096,0.9853,21.9064,0.1666,0.2969,37.5690
0.0646,0.9842,18.5719,0.1680,0.3800,38.6014
0.0852,0.9881,20.2174,0.1380,0.5073,29.7472
0.0886,0.9902,21.1800,0.1570,0.5229,51.0873
0.0761,0.9834,24.6980,0.1431,0.2615,45.8313
0.0906,0.9840,24.0520,0.1573,0.4365,1.1483
0.0815,0.9835,23.2605,0.1734,0.2259,52.2004
0.0748,0.9865,22.5202,0.1781,0.5108,13.1431
0.0997,0.9831,18.6486,0.1556,0.1533,50.5018
0.0764,0.9896,20.6909,0.1792,0.3558,53.9322
0.0713,0.9880,18.3178,0.1943,0.2759,25.7048
0.1046,0.9869,18.8811,0.1588,0.2172,37.5140
0.0891,0.9880,17.6238,0.1624,0.4828,51.2658
0.0732,0.9885,17.5353,0.1702,0.4550,28.1685
0.0791,0.9828,19.8295,0.1612,0.3902,15.3233
0.0935,0.9852,18.7154,0.1426,0.3925,11.3432
0.0833,0.9896,22.4269,0.1809,0.4975,15.4641
0.0953,0.9901,19.2860,0.1584,0.4452,56.3355
0.0697,0.9806,15.6809,0.1479,0.4453,47.3777
0.0806,0.9858,22.2047,0.1878,0.3046,54.7830
0.0924,0.9896,18.6121,0.1654,0.4805,2.3725
0.0867,0.9874,15.8791,0.1486,0.3748,51.1394
0.0942,0.9813,19.5390,0.1623,0.2112,54.6091
0.0838,0.9857,21.4219,0.1366,0.2655,58.2211
0.0800,0.9891,18.8348,0.1515,0.3470,48.6093
0.0825,0.9880,16.9720,0.1694,0.3302,33.1482
0.0738,0.9874,16.7521,0.2000,0.4680,49.0526
0.0663,0.9858,16.7546,0.1817,0.3872,54.3074
0.0864,0.9917,18.6911,0.1577,0.4446,39.9404
0.0931,0.9804,13.6957,0.1665,0.3457,53.8596
0.0629,0.9864,24.7089,0.1609,0.4791,11.6852
0.0900,0.9887,23.9604,0.1543,0.3650,18.3797
0.0811,0.9842,19.7837,0.1585,0.4157,58.4899
0.0792,0.9902,22.9736,0.1977,0.3475,21.9318
0.0919,0.9876,19.5114,0.1711,0.3653,51.9894
0.0838,0.9871,18.0485,0.1744,0.3501,44.1146
0.0817,0.9857,25.1483,0.1570,0.4382,11.8296
0.0890,0.9829,20.1091,0.1933,0.2581,50.6187
0.0918,0.9823,25.9717,0.1760,0.1937,26.2833
0.0702,0.9859,17.2197,0.1625,0.4729,28.2531
0.0775,0.9854,17.8059,0.1685,0.3822,34.9238
0.0701,0.9844,17.9077,0.1959,0.3039,21.4150
0.0802,0.9856,20.6836,0.1497,0.5251,14.7811
0.0851,0.9892,20.8020,0.1611,0.4135,37.9234
0.0776,0.9868,19.1250,0.1553,0.2753,1.1089
0.0897,0.9820,26.9380,0.1790,0.3833,6.6231
0.0945,0.9874,15.6786,0.1706,0.3825,43.2499
0.0903,0.9852,21.6396,0.1480,0.2883,13.8539
0.0717,0.9821,21.2332,0.1896,0.4576,46.1234
0.0944,0.9870,17.6925,0.1571,0.2251,36.2413
0.0922,0.9817,27.3145,0.1712,0.3083,24.0999
0.0839,0.9857,22.0687,0.1768,0.4593,56.3618
0.1132,0.9835,17.5250,0.1618,0.3617,20.8581
0.0924,0.9819,18.3890,0.1923,0.3693,38.5100
0.0812,0.9787,26.8075,0.1563,0.2850,51.3915
0.1037,0.9852,22.1053,0.1754,0.1307,42.8656
0.0689,0.9820,8.9638,0.1794,0.4768,56.1772
0.0869,0.9829,25.1277,0.1697,0.4808,17.1066
0.0829,0.9878,20.0862,0.1639,0.5582,42.1740
0.0676,0.9866,12.6759,0.1870,0.3092,43.1813
0.0890,0.9860,18.6138,0.1319,0.4632,50.1516
0.0917,0.9839,23.0671,0.1542,0.1994,36.7321
0.0839,0.9813,23.4440,0.1508,0.3666,53.5375
0.0922,0.9896,19.6605,0.1567,0.3011,25.0110
0.0621,0.9871,22.1087,0.1721,0.4065,32.2845
0.0782,0.9793,18.7425,0.1782,0.3287,47.8940
0.0852,0.9861,22.2160,0.1555,0.4875,7.2391
0.0988,0.9819,18.7655,0.1550,0.3198,32.5092
0.0719,0.9837,21.0571,0.1735,0.3216,29.0240
0.0927,0.9860,20.7117,0.1848,0.3037,30.1091
0.0653,0.9859,18.9198,0.1603,0.4688,22.0823
0.0738,0.9826,25.4600,0.1875,0.4227,3.6740
0.0842,0.9845,25.8495,0.1549,0.3558,30.2930
0.0710,0.9875,21.5567,0.1713,0.4970,0.3911
0.0911,0.9796,21.6774,0.1630,0.2673,6.7884
0.0649,0.9886,20.6007,0.1746,0.5270,52.6395
0.0784,0.9873,21.5406,0.1587,0.4159,32.5649
0.1006,0.9901,16.0679,0.1539,0.3893,40.0096
0.0744,0.9886,19.4462,0.1727,0.4353,47.6118
0.0958,0.9863,20.8733,0.1675,0.2451,4.0730
0.0811,0.9870,18.7578,0.1703,0.1908,35.7461
0.0825,0.9855,22.7156,0.1943,0.3140,57.2842
0.0652,0.9849,17.7220,0.1953,0.3058,53.9955
0.0880,0.9857,20.7262,0.1423,0.2314,11.9433
0.0984,0.9856,21.1689,0.1683,0.2539,58.9699
0.0869,0.9836,20.8305,0.1677,0.2446,26.5049
0.0679,0.9852,20.8199,0.1806,0.3542,48.2899
0.0813,0.9843,20.6046,0.1738,0.2820,5.1265
0.0891,0.9853,18.9411,0.1592,0.3741,35.8973
0.0946,0.9793,23.8867,0.1845,0.1604,29.1697
0.0966,0.9813,22.3400,0.1840,0.3377,12.6831
0.0681,0.9859,26.1841,0.1664,0.3360,10.2264
0.0788,0.9863,18.3145,0.1799,0.3999,56.1066
0.0713,0.9841,20.7905,0.1669,0.3950,19.6752
0.1047,0.9810,22.3837,0.1622,0.0492,50.4300
0.0686,0.9857,14.5795,0.1721,0.3927,54.2817
0.1040,0.9810,17.8698,0.1502,0.3600,45.0856
0.0840,0.9851,26.4582,0.1675,0.2626,12.9646
0.0846,0.9819,20.6270,0.1668,0.4974,37.7925
0.0856,0.9918,17.1630,0.1741,0.4399,20.3722
0.0902,0.9853,23.3001,0.1719,0.3098,33.9766
0.0847,0.9854,23.0019,0.1931,0.3879,56.5940
0.0768,0.9860,22.7935,0.1502,0.2802,49.0400
0.0923,0.9821,23.1368,0.1548,0.2397,11.3101
0.0825,0.9843,21.9804,0.1540,0.2723,0.3293
0.1009,0.9804,17.5633,0.1735,0.3291,40.3563
0.0620,0.9846,16.5022,0.1962,0.4448,57.0252
0.0912,0.9808,23.4742,0.1361,0.2947,50.8476
0.0744,0.9889,18.2803,0.1480,0.4431,14.6500
0.0751,0.9834,17.4631,0.1802,0.3194,17.2373
0.1066,0.9813,19.1956,0.1648,0.0813,55.5985
0.0764,0.9911,19.7624,0.1956,0.4578,13.3927
0.0800,0.9873,21.3079,0.1597,0.4846,35.3749
0.0897,0.9774,28.3557,0.1575,0.1755,3.2332
0.0848,0.9860,16.9499,0.1809,0.4199,25.8515
0.0829,0.9816,22.0084,0.1725,0.3870,59.1515
0.0965,0.9805,20.4618,0.1702,0.2253,47.2370
0.0983,0.9865,18.9767,0.1455,0.2224,46.7418
0.0790,0.9836,15.9248,0.1614,0.2640,35.0923
0.1014,0.9865,17.5688,0.1300,0.2962,49.2620
0.0775,0.9875,23.6958,0.1826,0.3610,52.2058
0.0928,0.9915,17.1684,0.1545,0.4007,57.6292
0.0967,0.9835,23.3158,0.1938,0.3590,18.2443
0.0579,0.9895,16.0338,0.1770,0.4232,38.9175
0.0723,0.9882,23.1614,0.1682,0.4747,29.0595
0.0800,0.9872,22.6587,0.1753,0.4275,4.3619
0.0939,0.9863,19.2936,0.1469,0.4241,27.8753
0.0992,0.9856,17.3114,0.1530,0.3091,56.0695
0.0757,0.9855,21.8304,0.1628,0.6018,22.6371
0.0768,0.9875,19.2345,0.1914,0.3180,9.4520
0.0852,0.9881,19.2431,0.1721,0.4656,0.3050
0.0943,0.9893,18.3060,0.1604,0.4880,15.0752
0.0901,0.9847,16.8917,0.1735,0.2667,57.5516
0.0924,0.9904,19.8540,0.1788,0.2752,2.4656
0.0692,0.9861,23.6979,0.1782,0.4909,35.8025
0.0743,0.9888,17.4132,0.1972,0.5162,58.5513
0.0854,0.9906,20.8934,0.1619,0.4798,20.5634
0.0884,0.9854,26.6159,0.1693,0.2529,17.5524
0.0791,0.9784,25.0662,0.1591,0.3395,26.8612
0.0800,0.9799,21.0182,0.1727,0.2261,37.8104
0.0863,0.9782,24.7677,0.1779,0.3800,38.0576
0.0769,0.9844,26.0270,0.1304,0.4956,20.7461
0.0767,0.9840,19.9930,0.1755,0.2383,37.3440
0.0944,0.9822,19.7530,0.1442,0.2727,32.2946
0.0955,0.9900,21.5720,0.1401,0.4263,20.1660
0.0838,0.9892,24.8396,0.1621,0.4423,25.9359
0.0839,0.9844,26.1354,0.1754,0.2299,6.5087
0.0688,0.9890,20.0008,0.1666,0.4570,40.3369
0.0909,0.9848,23.0851,0.1775,0.3406,8.7510
0.0616,0.9841,15.3904,0.1678,0.4734,42.2157
0.1064,0.9830,27.7785,0.1343,0.3209,58.0537
0.0754,0.9819,23.7187,0.1392,0.1742,51.1155
0.0648,0.9870,22.0838,0.1910,0.4290,11.2351
0.0785,0.9814,16.3652,0.1555,0.3402,45.7708
0.0750,0.9815,19.6563,0.1392,0.2571,51.2136
0.0897,0.9741,25.6117,0.1668,0.3241,41.1111
0.0831,0.9879,19.6136,0.1741,0.3442,37.1718
0.0937,0.9863,20.7272,0.1389,0.2658,19.0884
0.0782,0.9801,26.5761,0.1827,0.3967,6.6127
0.0803,0.9863,16.7763,0.1994,0.4606,19.3488
0.0776,0.9854,22.2892,0.1522,0.3082,40.7239
0.0908,0.9835,19.3462,0.1939,0.1526,22.8589
0.0646,0.9877,23.5705,0.1777,0.4242,20.1414
0.0826,0.9844,21.1641,0.1805,0.3394,49.3360
0.0861,0.9805,26.6654,0.1566,0.3804,17.6565
0.0672,0.9852,15.7510,0.1741,0.3483,44.4378
0.0924,0.9877,22.2842,0.1471,0.2138,21.3143
0.0668,0.9844,24.8807,0.1891,0.3254,21.5952
0.0919,0.9840,25.0619,0.1463,0.4402,18.7531
0.0734,0.9890,19.7755,0.1655,0.3718,26.6875
0.0925,0.9841,22.5046,0.1503,0.4233,21.8102
0.0757,0.9898,19.5985,0.1520,0.4562,36.0384
0.0881,0.9773,27.9230,0.1420,0.2188,56.1176
0.0874,0.9833,24.6488,0.1895,0.3702,49.8032
0.0627,0.9914,15.0833,0.2046,0.4258,46.3528
0.0809,0.9803,23.5997,0.1841,0.2559,29.1067
0.0937,0.9831,21.7029,0.1665,0.3209,42.2643
0.0789,0.9873,19.7492,0.1913,0.2559,38.3068
0.0965,0.9715,26.9579,0.1378,0.1359,46.9665
0.0889,0.9795,20.4612,0.1498,0.2083,37.8981
0.0731,0.9870,23.0221,0.1697,0.4702,16.6475
0.0829,0.9813,19.4558,0.1887,0.2589,2.8540
0.0698,0.9832,19.2513,0.1668,0.2600,31.6648
0.0619,0.9862,21.8825,0.1834,0.4840,26.4496
0.0670,0.9873,22.8582,0.1657,0.4984,4.2593
0.0846,0.9860,19.2657,0.1732,0.2680,59.6761
0.0930,0.9798,23.1278,0.1537,0.3545,45.9733
0.0833,0.9840,22.8055,0.1368,0.3273,32.9497
0.0825,0.9858,18.6056,0.1728,0.3009,57.2558
0.0887,0.9831,19.2229,0.1444,0.3769,42.3895
0.0893,0.9819,21.9157,0.1859,0.2461,37.7527
0.0854,0.9855,19.0923,0.1694,0.4828,59.9545
0.0818,0.9832,20.5990,0.1654,0.2852,50.5156
0.0784,0.9865,19.2306,0.1872,0.4145,25.9965
0.0726,0.9850,13.9449,0.1883,0.4048,44.1914
0.0851,0.9895,19.0978,0.1670,0.4365,33.0691
0.0729,0.9852,18.5499,0.1496,0.4558,45.7307
0.0797,0.9871,20.7678,0.1721,0.3900,23.0446
0.0935,0.9874,22.2949,0.1590,0.1562,4.2541
0.0907,0.9857,18.0277,0.1511,0.3290,49.9635
0.0793,0.9903,18.4758,0.1579,0.4312,12.9543
0.0931,0.9905,16.6318,0.1702,0.4169,26.3954
0.0849,0.9844,9.1842,0.1637,0.2360,47.4974
0.0649,0.9867,17.3561,0.1687,0.3645,18.8470
0.0851,0.9808,15.9875,0.1693,0.5021,45.3295
0.0724,0.9875,22.9108,0.2093,0.4218,24.8566
0.0783,0.9904,17.3776,0.1641,0.4797,50.1057
0.0675,0.9871,19.4989,0.1908,0.4733,43.3672
0.0835,0.9869,20.2421,0.1979,0.2022,46.6339
0.0704,0.9881,17.6803,0.1896,0.3253,36.8931
0.0888,0.9867,21.0393,0.1587,0.4298,16.5723
0.0767,0.9816,22.3003,0.1535,0.2088,54.7527
0.0905,0.9871,25.0065,0.1505,0.2061,49.4281
0.0786,0.9916,19.6041,0.1929,0.5012,22.0676
0.0653,0.9883,19.6665,0.1885,0.2966,16.4631
0.0850,0.9773,16.4529,0.1608,0.3095,30.4148
0.0792,0.9849,22.9160,0.1623,0.4228,28.8355
0.0972,0.9865,18.7474,0.1815,0.2936,38.0370
0.0742,0.9865,21.6506,0.1811,0.4251,5.8048
0.0734,0.9856,19.2629,0.1437,0.3657,54.2854
0.0956,0.9824,21.5713,0.1723,0.2438,38.1583
0.0872,0.9860,18.4865,0.1619,0.2426,24.0797
0.0741,0.9880,20.5544,0.1870,0.3436,54.6754
0.0915,0.9882,19.6039,0.1385,0.3947,53.6635
0.0823,0.9864,17.3388,0.1824,0.5204,59.8006
0.0956,0.9822,19.5345,0.1615,0.3140,48.9584
0.0888,0.9850,20.6268,0.1243,0.4192,26.5033
0.0838,0.9890,22.4029,0.1800,0.3048,11.4928
0.0834,0.9804,21.8618,0.1520,0.3786,21.8847
0.0807,0.9837,24.1652,0.1651,0.2831,53.2413
0.0709,0.9880,21.5060,0.1615,0.3995,17.4710
0.0865,0.9867,19.8137,0.1594,0.3188,16.2184
0.0992,0.9825,23.5969,0.1544,0.1777,54.9212
0.0729,0.9883,19.5935,0.1468,0.5339,26.1781
0.0844,0.9858,17.7672,0.1843,0.4007,32.0473
0.0708,0.9821,27.3689,0.1615,0.2974,5.0112
0.0831,0.9842,20.7844,0.1812,0.3099,56.9130
0.0726,0.9857,19.6039,0.1479,0.4261,40.6207
0.1013,0.9841,21.0037,0.1740,0.3600,43.8512
0.0950,0.9862,23.3184,0.1423,0.2982,2.3465
0.0843,0.9854,23.6031,0.1611,0.2718,22.4243
0.0884,0.9906,20.9862,0.1651,0.3676,23.6239
0.0682,0.9865,20.4868,0.1910,0.4541,42.6889
0.0820,0.9793,2.1817,0.1866,0.3643,50.8976
0.0924,0.9825,19.4033,0.1643,0.0746,51.0738
0.0861,0.9865,21.7855,0.1870,0.4032,3.8830
0.0871,0.9881,19.4474,0.1728,0.3125,52.2082
0.0752,0.9835,19.0324,0.1644,0.2801,39.4273
0.0864,0.9877,22.0979,0.1557,0.3146,1.6657
0.0867,0.9865,22.8719,0.1968,0.4105,35.9704
0.0576,0.9890,17.0481,0.1555,0.5540,47.7971
0.0985,0.9852,23.4663,0.1490,0.3288,27.0086
0.0858,0.9856,21.2099,0.1754,0.2721,58.0117
0.0924,0.9846,19.9893,0.1676,0.2534,54.0385
0.0930,0.9913,19.3801,0.1684,0.4178,16.8834
0.0956,0.9817,24.1690,0.1474,0.1182,36.8877
0.0907,0.9894,19.5596,0.1495,0.4922,36.5748
0.0740,0.9873,21.8037,0.1598,0.5616,19.6989
0.0939,0.9802,15.3798,0.1657,0.2317,47.8228
0.0836,0.9867,21.5713,0.1647,0.3948,19.9057
0.0825,0.9859,20.4741,0.1473,0.2909,49.3323
0.0709,0.9847,17.3431,0.1759,0.5696,8.7371
0.1004,0.9852,22.2053,0.1824,0.3535,43.8790
0.0748,0.9877,18.3696,0.1845,0.3085,34.3052
0.0657,0.9838,16.0657,0.2040,0.2365,53.4204
0.0790,0.9875,20.4621,0.1867,0.4059,42.7227
0.0778,0.9860,21.5347,0.1516,0.4113,57.8362
0.0870,0.9848,19.8416,0.1771,0.3974,47.0880
0.0879,0.9810,22.4370,0.1611,0.3448,44.4735
0.0825,0.9826,20.2493,0.1538,0.2320,51.9306
0.0827,0.9882,23.4909,0.1688,0.3487,18.0218
0.0835,0.9890,22.0257,0.1852,0.3550,23.9052
0.0932,0.9856,16.9615,0.1951,0.3447,45.2501
0.0852,0.9898,17.2975,0.1779,0.3638,56.2532
0.0818,0.9909,17.8051,0.1540,0.4550,47.4152
0.0777,0.9915,17.1321,0.1720,0.3134,9.9300
0.0821,0.9819,21.7772,0.1814,0.3361,36.1939
0.0956,0.9847,19.6801,0.1675,0.3810,24.4175
0.0933,0.9806,24.7807,0.2044,0.2150,54.9950
0.0799,0.9881,18.4272,0.1651,0.3239,55.4292
0.0539,0.9851,21.8463,0.1702,0.5442,42.3661
0.1021,0.9820,27.0312,0.1661,0.3170,21.7862
0.0921,0.9853,19.2028,0.1568,0.3951,47.8879
0.0598,0.9901,19.7923,0.1979,0.4798,15.4393
0.0951,0.9850,19.9606,0.1596,0.1494,27.2832
0.0989,0.9886,20.8662,0.1741,0.4093,20.1591
0.1000,0.9828,17.9072,0.1702,0.3491,45.9291
0.0949,0.9834,25.5033,0.1708,0.3654,41.9845
0.0862,0.9753,15.9514,0.1689,0.1887,53.2216
0.0698,0.9856,19.3727,0.1561,0.5045,52.6214
0.0945,0.9893,19.2264,0.1938,0.4125,51.6726
0.0670,0.9878,21.6768,0.1950,0.3689,58.9383
0.0806,0.9834,21.7267,0.1720,0.4176,58.9299
0.0822,0.9883,19.1219,0.1762,0.4161,49.0774
0.0774,0.9838,17.5202,0.1711,0.3416,35.9313
0.0753,0.9861,21.8736,0.1731,0.3541,0.4711
0.0870,0.9871,23.0025,0.1585,0.3782,56.1074
0.0813,0.9873,20.4197,0.1465,0.3119,37.1124
0.0714,0.9852,17.9337,0.1852,0.3050,47.4829
0.0986,0.9782,20.5676,0.1910,0.2947,48.0663
0.0838,0.9875,20.3213,0.1710,0.2502,6.8575
0.0784,0.9879,18.4269,0.1577,0.4326,33.2829
0.0912,0.9811,22.9318,0.1684,0.1821,29.9418
0.0881,0.9875,18.6896,0.1731,0.2986,5.2502
0.0839,0.9871,22.0193,0.1648,0.2631,35.3629
0.0750,0.9871,24.2783,0.1928,0.4080,5.0482
0.0790,0.9861,21.5077,0.1628,0.4180,5.1994
0.0842,0.9812,23.4880,0.1654,0.2630,39.7387
0.0852,0.9873,22.1796,0.1469,0.5603,35.8330
0.0980,0.9796,23.9058,0.1557,0.1281,55.8522
0.0613,0.9846,17.1870,0.1937,0.4059,53.0149
0.0692,0.9834,17.6326,0.1880,0.3442,9.6841
0.0922,0.9906,17.5010,0.1801,0.4665,12.8067
0.0794,0.9834,17.6394,0.1532,0.2924,32.3288
0.0652,0.9839,23.8420,0.1624,0.5356,5.4881
0.0797,0.9859,21.8060,0.1812,0.0823,41.4644
0.0839,0.9888,18.7256,0.1638,0.2732,14.3957
0.0770,0.9839,17.8932,0.1503,0.3048,21.3193
0.0996,0.9877,21.6714,0.1572,0.3886,50.5181
0.0940,0.9811,19.9471,0.1554,0.2117,37.8316
0.0926,0.9891,16.8939,0.1645,0.3142,45.5967
0.0900,0.9863,17.3213,0.1739,0.2860,26.3708
0.0807,0.9882,18.2022,0.1685,0.4168,32.6424
0.0673,0.9843,22.4048,0.1676,0.4564,16.1103
0.0817,0.9820,24.6831,0.1720,0.1996,18.1447
0.0739,0.9828,22.0317,0.1730,0.3191,55.4218
0.0684,0.9841,16.6638,0.2022,0.3502,34.6580
0.0882,0.9835,25.3290,0.1581,0.3382,13.3323
0.0811,0.9906,19.7567,0.1542,0.4025,9.9897
0.0721,0.9873,20.3340,0.2056,0.4528,47.0249
0.0598,0.9880,21.6476,0.1566,0.4759,57.6118
0.0909,0.9816,35.6791,0.1855,0.3880,0.9910
0.0846,0.9863,17.5070,0.1836,0.3591,33.1467
0.0719,0.9849,22.6988,0.1505,0.4913,44.1111
0.0751,0.9882,18.9174,0.1579,0.4993,21.6923
0.0934,0.9849,19.5815,0.1675,0.2935,42.0464
0.0707,0.9867,24.5855,0.1614,0.3582,28.5581
0.0897,0.9877,16.5032,0.1417,0.3397,59.3759
0.1044,0.9783,18.5675,0.1567,0.2991,54.4796
0.0921,0.9834,20.7957,0.1869,0.3598,43.4634
0.0813,0.9883,21.4412,0.1818,0.2374,2.7118
0.0941,0.9797,24.9032,0.1642,0.2479,43.3975
0.0839,0.9864,17.8902,0.1637,0.3351,15.2980
0.0714,0.9864,22.4085,0.1772,0.4210,21.4749
0.0891,0.9796,21.5641,0.1715,0.2343,14.9788
0.0740,0.9894,16.6083,0.1779,0.4089,45.5243
0.0863,0.9862,19.8576,0.1913,0.3719,53.6633
0.0693,0.9837,24.4661,0.1576,0.5420,58.5890
0.0797,0.9844,20.3383,0.1595,0.4470,56.2792
0.0718,0.9825,17.0724,0.1695,0.4665,53.0087
0.0982,0.9872,24.6376,0.1677,0.3724,29.4746
0.0888,0.9910,21.0307,0.1525,0.4137,43.0410
0.0737,0.9812,31.0964,0.1560,0.4110,57.4849
0.0825,0.9864,18.9375,0.1452,0.3443,18.3443
0.0902,0.9840,21.8410,0.1818,0.3966,39.4087
0.0688,0.9891,20.5602,0.1776,0.5012,17.9075
0.0800,0.9903,16.5127,0.1794,0.3757,35.9812
0.0732,0.9896,17.4629,0.1666,0.4133,47.9879
0.0803,0.9763,18.1942,0.1790,0.2518,38.8525
0.0755,0.9861,18.9354,0.1894,0.2382,50.9672
0.0778,0.9900,18.9468,0.1961,0.3399,39.7618
0.0914,0.9825,22.4313,0.1716,0.2908,40.0758
0.0698,0.9851,21.1235,0.1651,0.3220,35.2670
0.0947,0.9808,17.0175,0.1519,0.2522,40.9063
0.0887,0.9869,20.4964,0.1473,0.4729,19.5963
0.0957,0.9853,19.9147,0.1626,0.3594,12.8692
0.0993,0.9857,22.8870,0.1689,0.2533,59.9636
0.0786,0.9873,23.2519,0.1832,0.2479,43.2066
0.1076,0.9870,23.4889,0.1671,0.2638,53.9234
0.0868,0.9844,24.6236,0.1642,0.1872,55.5203
0.0872,0.9778,25.2804,0.1737,0.2318,41.9359
0.0736,0.9864,21.0936,0.1790,0.3574,43.6535
0.0932,0.9794,41.7165,0.1870,0.2096,43.7669
0.0923,0.9827,25.2608,0.1494,0.3282,28.5759
0.0580,0.9879,10.4602,0.1821,0.5098,53.6369
0.0766,0.9860,17.3075,0.1902,0.4324,25.9379
0.0864,0.9865,20.9142,0.1654,0.3978,5.4559
0.1075,0.9777,22.7804,0.1346,0.1814,51.3241
0.0915,0.9862,19.3339,0.1534,0.3818,16.0390
0.0697,0.9846,25.6400,0.1923,0.2907,57.2550
0.0718,0.9867,21.8461,0.2137,0.3320,3.9546
0.0936,0.9864,21.5717,0.1545,0.3937,18.1086
0.0857,0.9848,27.5979,0.1502,0.4417,16.0657
0.0953,0.9871,25.4359,0.1320,0.2368,14.4332
0.0689,0.9870,18.6082,0.1889,0.4246,57.0171
0.0859,0.9793,22.1455,0.1631,0.3129,23.9271
0.0722,0.9839,22.4575,0.1644,0.3587,57.5369
0.0830,0.9862,19.2600,0.1826,0.4713,33.0383
0.0909,0.9848,20.9771,0.1550,0.4544,26.4426
0.0843,0.9871,19.2817,0.1334,0.4079,14.7522
0.0984,0.9867,24.7617,0.1615,0.2317,48.3194
0.0767,0.9856,21.2688,0.1726,0.4134,46.1123
0.0742,0.9885,20.8138,0.1857,0.3666,21.9394
0.0802,0.9845,21.4048,0.1525,0.3554,14.4481
0.0704,0.9837,18.5483,0.2139,0.4117,13.8064
0.0900,0.9839,20.1391,0.1838,0.2790,56.6203
0.0810,0.9859,24.6148,0.1444,0.4612,3.5989
0.0804,0.9924,20.9093,0.1804,0.4790,26.1586
0.0819,0.9869,23.6777,0.1773,0.2825,27.4966
0.0947,0.9847,19.5695,0.1665,0.4042,55.7879
0.0900,0.9849,21.1603,0.1969,0.3275,6.7238
0.0706,0.9824,23.3753,0.1629,0.4146,26.8493
0.0926,0.9877,19.1304,0.1603,0.5223,26.1111
0.0883,0.9921,18.8180,0.1773,0.4436,26.0069
0.0878,0.9830,19.3217,0.1786,0.3100,53.1403
0.0940,0.9910,20.3959,0.1483,0.4510,1.4206
0.0713,0.9839,20.6318,0.1781,0.2257,8.4104
0.0703,0.9872,19.0853,0.1525,0.4159,7.5786
0.0754,0.9893,22.6497,0.1688,0.4803,28.3991
0.0909,0.9872,17.8282,0.1724,0.3750,40.9552
0.0922,0.9812,24.3608,0.1422,0.3300,36.4093
0.1017,0.9745,18.7455,0.1804,0.1457,23.5111
0.0992,0.9839,21.7138,0.2032,0.4114,45.9892
0.0871,0.9833,23.9974,0.1623,0.2474,38.5318
0.1045,0.9878,22.1619,0.1462,0.1800,30.8628
0.0738,0.9867,22.0315,0.1520,0.4834,15.6206
0.0842,0.9867,20.4985,0.1603,0.3195,41.3103
0.0670,0.9867,21.8250,0.1542,0.3500,21.4909
0.0886,0.9870,17.4594,0.1639,0.3124,3.8573
0.0761,0.9862,20.2150,0.1757,0.4521,30.5021
0.0907,0.9871,20.4862,0.1929,0.4603,26.6541
0.0951,0.9846,18.7041,0.1666,0.2839,59.6443
0.0809,0.9781,22.4562,0.1741,0.2375,32.3963
0.0922,0.9837,18.6429,0.1846,0.3625,40.0293
0.0656,0.9862,24.5728,0.1788,0.4857,18.8405
0.0776,0.9896,19.2256,0.1628,0.4882,30.9516
0.0770,0.9842,17.2680,0.1789,0.2049,38.2346
0.0734,0.9878,18.8328,0.1951,0.4252,50.9631
0.0804,0.9841,24.0996,0.1658,0.5015,16.3603
0.0757,0.9847,25.5977,0.1698,0.4811,45.7100
0.0752,0.9874,20.4012,0.1613,0.3469,15.4441
0.0967,0.9855,18.1982,0.1512,0.3203,47.6885
0.0784,0.9857,19.9109,0.1983,0.3158,39.0391
0.0743,0.9832,23.3368,0.1544,0.3675,9.2583
0.0934,0.9871,21.4231,0.1364,0.1532,34.2066
0.0727,0.9885,21.4052,0.1970,0.5554,47.9236
0.0690,0.9853,20.4280,0.1663,0.5151,20.1930
0.0806,0.9876,18.4502,0.1656,0.4465,34.1072
0.0818,0.9850,20.1596,0.1851,0.3819,47.0588
0.0789,0.9817,20.0648,0.1707,0.2684,27.1205
0.0868,0.9873,19.3913,0.1511,0.2039,56.1543
0.0846,0.9848,22.1426,0.1507,0.3900,39.8190
0.0824,0.9855,23.5584,0.1792,0.3961,39.7642
0.0813,0.9862,20.0128,0.1878,0.4907,14.6318
0.0803,0.9894,20.2474,0.1681,0.4430,23.7096
0.0779,0.9871,19.3640,0.1569,0.4387,5.8630
0.0743,0.9877,21.5726,0.1485,0.4510,14.7219
0.0823,0.9863,20.8512,0.1443,0.5589,49.1192
0.0902,0.9848,24.0334,0.1429,0.3499,53.7881
0.0667,0.9897,16.1611,0.1851,0.3609,55.5577
0.0971,0.9884,19.5786,0.1781,0.4368,17.0584
0.0944,0.9887,19.7860,0.1688,0.1749,49.7330
0.0808,0.9854,23.6109,0.1674,0.2823,53.2307
0.0773,0.9856,22.3175,0.1483,0.2445,3.0154
0.0784,0.9846,24.3792,0.1320,0.4451,3.8539
0.0949,0.9776,22.8913,0.1571,0.1754,59.5362
0.0772,0.9784,16.7022,0.1563,0.3141,38.8703
0.0838,0.9894,21.0891,0.1580,0.2859,24.2331
0.0718,0.9835,21.3507,0.1941,0.3618,36.4408
0.0927,0.9846,27.4866,0.1645,0.2927,41.2311
0.0829,0.9802,22.9561,0.1678,0.2457,37.0849
0.0826,0.9893,18.5791,0.1697,0.4925,31.5891
0.1046,0.9817,22.6876,0.1767,0.3005,59.6855
0.0914,0.9827,20.3257,0.1666,0.2906,50.3603
0.0730,0.9862,24.3728,0.1629,0.3449,34.6662
0.0694,0.9823,20.8855,0.2038,0.3935,24.8322
0.0868,0.9860,21.6780,0.1514,0.3902,10.3188
0.0716,0.9877,23.4809,0.1582,0.5013,45.3356
0.0879,0.9917,21.9777,0.1640,0.3595,33.1515
0.0904,0.9820,21.4001,0.1649,0.4796,33.8287
0.0928,0.9864,23.0362,0.1653,0.2976,33.8892
0.0791,0.9825,24.1906,0.1566,0.5334,46.9355
0.0792,0.9867,20.5938,0.1718,0.3764,47.5024
0.0894,0.9879,18.5639,0.1495,0.3058,15.1425
0.0857,0.9872,21.2229,0.1514,0.3743,51.1782
0.0835,0.9776,19.4640,0.1435,0.2287,11.7831
0.0989,0.9834,20.5555,0.1657,0.2622,55.0219
0.0928,0.9816,24.6546,0.1601,0.3133,18.8518
0.0925,0.9765,15.3535,0.1719,0.1923,58.1232
0.0832,0.9848,23.2552,0.1586,0.2983,44.6183
0.0789,0.9861,21.8725,0.1602,0.3884,40.9707
0.0830,0.9874,22.9856,0.1644,0.3913,29.7486
0.0870,0.9859,19.3021,0.1357,0.3043,37.6577
0.0826,0.9810,24.6885,0.1652,0.2356,32.4224
0.0761,0.9874,20.2822,0.1810,0.2341,42.0504
0.0680,0.9835,17.1209,0.1833,0.3762,19.7052
0.0743,0.9868,21.1763,0.1700,0.2922,43.2204
0.0878,0.9893,17.4971,0.1579,0.3996,49.5086
0.0632,0.9893,20.6780,0.1899,0.5100,41.7828
0.0792,0.9877,18.8256,0.1864,0.4569,42.5522
0.0786,0.9816,21.6424,0.1519,0.4182,54.4915
0.0986,0.9838,18.7501,0.1423,0.1565,42.4408
0.0727,0.9817,17.5754,0.1685,0.3675,59.7972
0.0951,0.9850,25.1625,0.1576,0.2782,3.8181
0.0894,0.9821,19.3556,0.1765,0.3189,39.1989
0.1035,0.9813,20.8264,0.1408,0.3694,56.4032
0.0699,0.9884,14.6222,0.1774,0.3592,42.1764
0.0857,0.9839,19.7399,0.1468,0.2949,58.8108
0.0925,0.9810,23.2510,0.1736,0.3916,4.2991
0.1017,0.9852,20.0123,0.1526,0.2462,52.9879
0.0850,0.9886,20.2817,0.1681,0.3925,58.6888
0.0620,0.9859,22.0044,0.1686,0.2800,23.9461
0.0796,0.9929,21.8111,0.1807,0.4012,42.9049
0.0823,0.9835,23.8950,0.1599,0.4123,43.4009
0.0892,0.9850,23.1210,0.1856,0.2914,47.6435
0.0696,0.9877,21.5404,0.2005,0.3764,29.0734
0.0761,0.9844,20.2498,0.1913,0.3445,35.4334
0.0772,0.9869,26.0340,0.1467,0.3129,6.1101
0.0730,0.9852,21.1487,0.1531,0.5203,18.6405
0.0892,0.9861,19.6847,0.1737,0.2701,51.1397
0.0711,0.9889,19.5608,0.1847,0.5904,39.1441
0.0829,0.9882,20.9433,0.1505,0.4060,37.3484
0.0854,0.9875,19.9203,0.1811,0.4721,58.3408
0.0644,0.9850,21.4079,0.1619,0.3332,31.7009
0.0872,0.9887,16.8688,0.1503,0.4654,54.5591
0.0888,0.9858,19.8734,0.1357,0.3555,58.8118
0.0707,0.9893,17.8898,0.1632,0.5257,22.5474
0.0765,0.9831,21.7109,0.1608,0.4058,45.3089
0.1017,0.9830,22.7315,0.1860,0.2884,41.9929
0.0828,0.9878,20.6407,0.1734,0.2554,36.6977
0.0981,0.9901,22.4847,0.1636,0.3186,37.6292
0.0756,0.9833,18.3535,0.1973,0.4809,39.2504
0.0861,0.9830,21.2592,0.1759,0.2939,57.7430
0.0857,0.9865,19.4090,0.1768,0.3128,50.3287
0.0684,0.9891,21.7802,0.2028,0.5720,22.4981
0.0895,0.9856,22.2768,0.1537,0.4342,32.2915
0.0787,0.9872,18.7417,0.1639,0.2198,18.4918
0.0961,0.9844,19.9176,0.1582,0.3246,16.0980
0.0858,0.9809,20.9472,0.1561,0.4193,25.8476
0.0788,0.9874,19.4572,0.1625,0.3981,13.3253
0.0853,0.9879,18.1282,0.1424,0.4168,40.0610
0.0878,0.9789,16.4507,0.1510,0.3747,49.4455
0.0884,0.9860,20.8629,0.1560,0.3948,56.3067
0.0746,0.9879,18.2096,0.1749,0.5105,14.6975
0.0839,0.9881,16.8123,0.1453,0.2135,9.4572
0.0826,0.9801,22.0094,0.1904,0.4019,5.4037
0.0689,0.9858,23.1056,0.1720,0.3294,40.4798
0.0857,0.9866,20.2974,0.1635,0.2657,37.8432
0.0719,0.9874,20.0832,0.1717,0.5212,58.1926
0.0695,0.9904,17.9979,0.1844,0.4293,36.2893
0.0861,0.9843,18.3696,0.1343,0.3661,5.4403
0.0723,0.9850,19.1436,0.1773,0.3155,54.0227
0.0663,0.9886,18.2186,0.1724,0.4928,49.3648
0.0802,0.9842,20.1313,0.1761,0.2021,42.0812
0.0876,0.9843,23.3917,0.1432,0.3768,5.3558
0.0814,0.9881,20.8747,0.1797,0.3687,12.1971
0.0756,0.9867,19.5040,0.1572,0.4340,45.7736
0.0754,0.9882,19.8123,0.1733,0.3615,46.8392
0.0792,0.9863,22.1320,0.1983,0.2924,28.7400
0.0944,0.9874,19.8667,0.1505,0.3409,53.3824
0.0821,0.9793,26.2079,0.1492,0.1989,35.4398
0.0841,0.9856,22.8483,0.1611,0.3600,11.3612
0.0962,0.9842,19.8964,0.1548,0.3807,8.0948
0.0825,0.9868,17.7317,0.1431,0.3478,35.5381
0.0922,0.9892,19.3559,0.1537,0.4826,12.9047
0.0726,0.9881,21.3310,0.2110,0.5092,22.9576
0.0897,0.9848,19.5893,0.1912,0.3645,46.5320
0.0891,0.9842,20.8717,0.2015,0.4172,55.9190
0.0908,0.9765,22.7134,0.1600,0.2281,52.3377
0.0885,0.9825,22.9384,0.1498,0.3138,53.6035
0.0734,0.9835,20.4265,0.1643,0.4047,45.4482
0.0743,0.9826,23.2387,0.1468,0.1832,37.4047
0.1065,0.9833,23.1058,0.1624,0.2504,48.7989
0.0683,0.9905,16.8624,0.1631,0.5362,16.6628
0.0708,0.9853,19.4771,0.1683,0.3364,4.5176
0.0699,0.9828,16.7758,0.2008,0.3317,57.3039
0.0682,0.9841,5.2877,0.1904,0.3418,28.1703
0.0989,0.9868,20.5613,0.1848,0.4126,11.2119
0.0810,0.9837,23.1453,0.2082,0.2444,57.5507
0.1055,0.9833,28.6049,0.1531,0.3752,27.9666
0.1070,0.9837,22.2474,0.1515,0.2217,9.1186
0.0904,0.9879,22.4268,0.1774,0.2878,46.2445
0.0668,0.9858,21.2921,0.1488,0.4237,41.3368
0.0559,0.9911,18.8237,0.1873,0.3749,28.1113
0.1005,0.9904,17.3047,0.1632,0.3872,55.4263
0.0723,0.9884,19.8175,0.1811,0.4465,15.9252
0.0920,0.9849,22.2571,0.1559,0.2981,44.2887
0.0986,0.9880,17.6281,0.1502,0.4759,58.9787
0.0873,0.9816,28.8940,0.1846,0.4234,9.8501
0.0727,0.9860,19.7581,0.1643,0.2468,51.5549
0.0717,0.9837,16.9136,0.1642,0.3574,36.1423
0.0953,0.9886,18.6333,0.1656,0.3072,20.2529
0.0875,0.9876,20.4782,0.1728,0.4428,41.9236
0.0988,0.9899,18.7095,0.1781,0.2466,30.6277
0.0772,0.9826,16.8303,0.1634,0.4565,42.0554
0.1036,0.9836,20.3786,0.1635,0.2539,52.4019
0.0663,0.9880,20.1889,0.1755,0.4035,57.1022
0.0781,0.9847,21.2210,0.1453,0.4924,53.0026
0.0972,0.9859,20.6479,0.1617,0.3110,51.5307
0.0895,0.9861,20.1569,0.1906,0.2312,35.4043
0.0860,0.9794,29.9462,0.1590,0.2619,25.8647
0.0941,0.9903,18.0959,0.1733,0.4602,35.4981
0.0900,0.9833,21.1129,0.1457,0.2169,51.8119
0.0936,0.9861,18.3976,0.1568,0.1373,49.9749
0.0689,0.9864,20.1362,0.1914,0.4133,34.6501
0.0717,0.9889,21.7233,0.1748,0.5624,31.0730
0.0874,0.9808,21.9093,0.1790,0.2355,9.1151
0.0816,0.9864,19.9910,0.1905,0.2952,17.0069
0.0592,0.9887,21.4306,0.2014,0.4211,14.8973
0.0791,0.9859,19.3143,0.1849,0.4162,36.5974
0.0725,0.9884,20.0238,0.2103,0.4831,55.7892
0.0776,0.9836,19.3120,0.1606,0.2566,34.2350
0.0689,0.9828,10.4200,0.1993,0.3801,42.8071
0.0784,0.9869,19.1381,0.1714,0.3372,52.9589
0.0789,0.9832,23.1090,0.1520,0.3607,55.0720
0.0802,0.9876,16.3600,0.1669,0.5484,59.2988
0.0900,0.9919,23.2785,0.1620,0.4827,26.3970
0.0822,0.9862,21.5546,0.1612,0.4052,50.4608
0.0888,0.9849,18.4606,0.1601,0.3413,36.5650
0.0860,0.9871,19.4006,0.1591,0.3607,21.7812
0.0900,0.9808,25.0233,0.1473,0.2114,51.4002
0.0763,0.9842,22.7692,0.1608,0.3837,42.1042
0.0781,0.9845,18.9077,0.2033,0.4136,29.5954
0.0906,0.9855,19.5230,0.1634,0.3363,49.6060
0.1009,0.9746,28.2675,0.1559,0.2817,50.8528
0.0770,0.9857,21.8619,0.2116,0.3998,45.6186
0.0658,0.9877,19.0223,0.1678,0.4906,17.9057
0.0779,0.9811,20.4691,0.1786,0.4691,50.4425
0.0910,0.9849,23.4592,0.1411,0.3116,32.9723
0.0656,0.9826,10.7572,0.1680,0.2614,54.2552
0.1027,0.9879,21.0996,0.1437,0.2751,59.5485
0.0817,0.9855,18.5927,0.1733,0.5077,58.7988
0.0773,0.9875,18.6986,0.1923,0.2845,19.3629
0.0717,0.9823,24.6419,0.1787,0.3183,48.0345
0.0659,0.9883,19.1582,0.1902,0.4546,46.5958
0.0721,0.9858,19.5163,0.1854,0.4679,18.0105
0.0786,0.9751,21.3721,0.1853,0.1445,50.7900
0.0858,0.9853,22.3751,0.1453,0.4393,40.0774
0.0855,0.9786,19.6761,0.1682,0.4162,51.3028
0.0875,0.9867,19.7711,0.1528,0.2266,42.0521
0.0967,0.9851,18.8935,0.1806,0.3294,54.5250
0.0766,0.9829,27.0722,0.1720,0.4056,48.3330
0.0898,0.9857,25.2405,0.1678,0.3473,20.8300
0.0835,0.9850,23.4913,0.1514,0.4667,26.6304
0.0829,0.9868,20.9070,0.1742,0.2459,39.6230
0.0829,0.9824,22.5260,0.1836,0.3025,55.2376
0.0715,0.9835,24.1724,0.1674,0.3831,49.4786
0.0849,0.9901,19.1849,0.1581,0.3641,52.4664
0.0898,0.9830,24.6486,0.1565,0.5260,2.6706
0.1031,0.9815,24.2723,0.1777,0.2994,56.1621
0.0654,0.9873,19.2332,0.1828,0.3510,31.4478
0.0806,0.9842,20.0184,0.1976,0.2949,17.0986
