0.0455,0.9983,29.7715,0.1963,0.4036,15.0252
0.0373,0.9943,34.5202,0.1841,0.5769,17.1640
0.0569,0.9951,32.4654,0.1578,0.2351,44.4095
0.0594,0.9945,37.8825,0.1443,0.4232,1.4506
0.0466,0.9953,35.9823,0.1425,0.5151,57.1700
0.0612,0.9964,36.8427,0.1606,0.2608,25.8292
0.0720,0.9939,31.0660,0.1607,0.3769,40.7086
0.0336,0.9973,34.4404,0.1713,0.5294,18.4548
0.0540,0.9947,28.0183,0.1739,0.2706,12.4615
0.0424,0.9961,26.5299,0.1941,0.3722,5.1679
0.0383,0.9963,26.7711,0.1974,0.5521,13.8311
0.0613,0.9970,35.4557,0.1529,0.6041,16.2756
0.0487,0.9971,30.7089,0.1826,0.3740,0.3621
0.0502,0.9966,30.0465,0.1563,0.4490,43.2245
0.0549,0.9950,32.7989,0.1843,0.3857,26.6120
0.0477,0.9998,32.3411,0.1798,0.6160,7.2530
0.0501,0.9979,32.6514,0.1873,0.4234,20.0008
0.0418,0.9956,31.2713,0.1791,0.5506,41.8193
0.0442,0.9969,34.9799,0.1922,0.5352,20.2941
0.0584,0.9954,34.0020,0.1711,0.3730,11.9697
0.0500,0.9974,28.7871,0.1764,0.3511,10.1560
0.0404,0.9970,33.4738,0.1723,0.6154,23.6658
0.0515,0.9971,30.4824,0.1703,0.3274,3.9106
0.0430,0.9964,33.2964,0.1678,0.5157,15.1930
0.0493,0.9985,33.3287,0.1667,0.6024,10.8608
0.0435,0.9941,32.0579,0.1566,0.3974,15.8250
0.0464,0.9942,43.6822,0.1930,0.5475,13.3446
0.0524,0.9964,32.8330,0.1469,0.5826,43.9523
0.0433,0.9981,29.8708,0.2163,0.5368,29.2773
0.0533,0.9954,28.0983,0.1514,0.5007,32.8788
0.0525,0.9978,31.9804,0.1772,0.5471,29.0064
0.0419,0.9973,34.5165,0.1893,0.4397,11.1662
0.0525,0.9955,32.4871,0.1519,0.3216,19.4963
0.0585,0.9956,27.7820,0.1421,0.2452,35.9107
0.0548,0.9978,28.9855,0.1903,0.4939,8.0444
0.0576,0.9976,31.6040,0.1712,0.4702,22.7942
0.0568,0.9958,34.5673,0.1154,0.4231,57.6061
0.0486,0.9984,32.2178,0.1655,0.5120,4.5267
0.0584,0.9977,34.1062,0.1429,0.4756,39.4493
0.0480,0.9971,29.3035,0.1824,0.2720,32.1153
0.0482,0.9982,30.6576,0.1976,0.4924,12.2631
0.0504,0.9981,30.4248,0.1839,0.5095,49.1459
0.0518,0.9962,31.4178,0.1981,0.3525,32.6129
0.0713,0.9962,33.6660,0.1653,0.4267,2.5190
0.0404,0.9956,36.0984,0.1725,0.5444,24.1959
0.0571,0.9963,32.6530,0.1428,0.5444,8.8528
0.0365,0.9986,35.0278,0.1918,0.5278,2.7801
0.0624,0.9957,29.0452,0.1769,0.3803,20.8914
0.0515,0.9967,33.4527,0.1763,0.5309,32.4445
0.0597,0.9955,30.1369,0.1735,0.4173,50.1581
0.0448,0.9960,31.1016,0.1821,0.3736,11.4595
0.0485,0.9978,33.5313,0.1790,0.2870,29.9749
0.0527,0.9982,33.7402,0.2097,0.4829,10.0436
0.0505,0.9969,29.3109,0.1623,0.4423,34.1617
0.0518,0.9969,34.6020,0.1427,0.5159,3.1173
0.0435,0.9966,31.3535,0.1588,0.6268,52.8266
0.0500,0.9962,37.1317,0.1461,0.5870,45.5370
0.0388,0.9962,36.3560,0.2227,0.4878,20.0481
0.0513,0.9967,33.3622,0.1774,0.3606,20.2265
0.0480,0.9964,36.6518,0.1758,0.5501,59.7506
0.0466,0.9971,36.3295,0.1834,0.4657,11.9509
0.0542,0.9941,44.8667,0.2003,0.5405,22.5942
0.0542,0.9952,34.6963,0.1528,0.5285,21.1250
0.0548,0.9976,29.6984,0.2017,0.4697,21.8558
0.0531,0.9988,22.3581,0.1900,0.4074,25.1900
0.0525,0.9978,30.0789,0.1731,0.5568,15.6204
0.0396,0.9969,32.8096,0.1759,0.5617,22.0371
0.0534,0.9924,37.7881,0.1578,0.4219,42.7461
0.0509,0.9941,33.1156,0.2089,0.2358,23.5308
0.0452,0.9989,30.2430,0.2001,0.4788,21.9125
0.0532,0.9978,30.7820,0.1846,0.4894,4.1411
0.0429,0.9968,30.9086,0.1733,0.5343,37.8945
0.0436,0.9961,29.7670,0.1879,0.4940,11.6525
0.0547,0.9956,29.7998,0.1982,0.2411,35.7064
0.0502,0.9971,33.5640,0.1654,0.6290,17.1043
0.0552,0.9969,31.3423,0.1673,0.4589,2.1732
0.0488,0.9962,29.9876,0.1677,0.5883,14.8072
0.0547,0.9966,29.3355,0.1938,0.4464,10.8602
0.0466,0.9988,34.4222,0.1756,0.5479,26.9007
0.0584,0.9943,35.6211,0.1527,0.4905,32.4929
0.0573,0.9970,28.0017,0.1673,0.4226,0.5618
0.0560,0.9973,22.9120,0.1974,0.3866,28.0177
0.0620,0.9963,33.5037,0.1752,0.4495,3.7653
0.0408,0.9957,31.7770,0.1706,0.6325,31.3336
0.0498,0.9979,25.0259,0.2103,0.5147,19.7350
0.0488,0.9971,25.9869,0.1955,0.3496,26.3274
0.0495,0.9956,28.9410,0.1553,0.5925,34.5392
0.0565,0.9971,31.1789,0.1846,0.5703,19.4507
0.0518,0.9962,30.0889,0.1774,0.4825,20.4422
0.0527,0.9980,33.0353,0.1987,0.4694,14.0990
0.0477,0.9971,34.9532,0.2061,0.4596,3.4664
0.0452,0.9963,29.5008,0.1600,0.4934,55.8357
0.0392,0.9970,33.0874,0.2163,0.5248,24.4848
0.0388,0.9961,32.2702,0.2010,0.5866,14.6710
0.0477,0.9950,32.3846,0.1330,0.4827,18.5752
0.0511,0.9973,29.0049,0.1373,0.2839,25.3409
0.0545,0.9980,30.2366,0.1732,0.5699,37.0619
0.0524,0.9959,31.0276,0.1813,0.4470,0.2071
0.0679,0.9968,28.2303,0.1581,0.4695,53.8194
0.0473,0.9949,32.8905,0.1569,0.5786,20.9832
0.0472,0.9993,27.8606,0.2029,0.4817,14.2575
0.0467,0.9978,31.8670,0.2107,0.4275,7.3010
0.0560,0.9936,24.5413,0.2069,0.3254,48.1604
0.0513,0.9953,32.5138,0.1638,0.6081,26.3742
0.0531,0.9972,28.6548,0.1372,0.4303,48.9284
0.0578,0.9970,30.7861,0.1465,0.5455,16.2140
0.0473,0.9967,34.1869,0.2064,0.4613,17.9220
0.0478,0.9952,28.0891,0.1282,0.4129,14.7505
0.0525,0.9954,35.8569,0.2098,0.5194,14.5687
0.0479,0.9943,30.4821,0.1783,0.4173,49.4886
0.0501,0.9988,28.9456,0.1704,0.5022,6.4017
0.0455,0.9982,27.8868,0.1999,0.5232,54.3312
0.0461,0.9959,34.0321,0.1899,0.5566,19.0755
0.0507,0.9959,32.6750,0.1807,0.2337,12.2311
0.0594,0.9976,30.9234,0.1873,0.4669,15.7276
0.0513,0.9965,34.1526,0.1932,0.4668,15.3371
0.0579,0.9958,39.3201,0.1813,0.5230,5.3999
0.0599,0.9966,32.3944,0.1891,0.4332,13.2622
0.0686,0.9955,33.3239,0.1524,0.4414,9.7855
0.0558,0.9988,28.6779,0.1706,0.5777,11.8378
0.0440,0.9972,36.7947,0.1912,0.5728,1.5609
0.0455,0.9973,33.4629,0.1747,0.4957,25.2810
0.0404,0.9972,27.7228,0.1838,0.6212,9.2080
0.0393,0.9963,34.2503,0.1788,0.6109,9.1356
0.0452,0.9967,35.8290,0.1690,0.4154,16.4543
0.0392,0.9989,32.1710,0.1863,0.5804,6.0933
0.0425,0.9974,32.5858,0.1913,0.6205,31.3343
0.0558,0.9973,31.4068,0.1852,0.3570,59.4521
0.0575,0.9978,26.6651,0.1922,0.4330,22.8755
0.0451,0.9962,34.3945,0.1413,0.5276,13.5121
0.0431,0.9958,27.9834,0.1905,0.3119,46.5255
0.0421,0.9938,41.7581,0.1488,0.6813,40.1990
0.0365,0.9953,45.2923,0.1747,0.6606,14.0136
0.0529,0.9972,31.3146,0.1862,0.2925,8.2312
0.0475,0.9941,33.2692,0.1473,0.2957,11.0199
0.0504,0.9949,33.1339,0.1921,0.5415,0.7424
0.0456,0.9951,36.9210,0.1717,0.5642,18.9126
0.0524,0.9946,27.6389,0.2004,0.3623,54.0725
0.0554,0.9973,31.0147,0.1898,0.5374,18.1450
0.0590,0.9964,31.5802,0.2076,0.4728,9.1882
0.0419,0.9968,31.7127,0.2409,0.5104,11.9545
0.0483,0.9976,35.4467,0.2104,0.5300,8.5969
0.0409,0.9965,37.0168,0.1752,0.5306,30.5910
0.0615,0.9945,32.6676,0.1580,0.4446,38.7443
0.0583,0.9984,27.4299,0.1318,0.4824,55.9521
0.0559,0.9977,29.1233,0.2027,0.4094,48.1993
0.0556,0.9936,29.2343,0.1385,0.5269,43.9066
0.0533,0.9957,38.4742,0.1730,0.4769,6.7153
0.0481,0.9970,31.5235,0.1786,0.4393,29.9165
0.0495,0.9967,34.3189,0.1726,0.3644,8.1042
0.0527,0.9944,30.5248,0.1567,0.3532,25.0122
0.0564,0.9963,32.5004,0.1975,0.4319,4.7066
0.0560,0.9969,30.4138,0.1639,0.3631,37.0971
0.0521,0.9983,28.7083,0.1806,0.3677,16.7264
0.0631,0.9973,31.9282,0.1651,0.2563,0.5915
0.0565,0.9958,34.9867,0.1805,0.5009,18.5546
0.0561,0.9968,31.1095,0.1752,0.4725,42.9855
0.0530,0.9944,31.2920,0.1564,0.4624,31.9285
0.0496,0.9981,32.5046,0.1579,0.5682,48.1786
0.0560,0.9970,28.9173,0.1997,0.4144,30.0144
0.0460,0.9971,31.2103,0.1951,0.4041,3.4922
0.0613,0.9955,28.2106,0.2030,0.4323,12.9513
0.0542,0.9952,26.4989,0.1442,0.4639,16.6764
0.0488,0.9918,36.7096,0.1628,0.4789,33.3263
0.0615,0.9939,32.6640,0.1744,0.5307,28.1376
0.0475,0.9979,32.4345,0.1563,0.4776,24.7744
0.0530,0.9950,31.9283,0.1877,0.5295,10.1438
0.0523,0.9941,31.3042,0.2086,0.3434,10.2332
0.0347,0.9971,31.5527,0.2243,0.5700,21.2001
0.0390,0.9962,32.4896,0.1824,0.5421,6.6888
0.0457,0.9958,26.2105,0.1441,0.4995,27.6002
0.0577,0.9979,30.6210,0.1916,0.3683,8.4419
0.0544,0.9953,35.0822,0.1763,0.4675,37.7736
0.0526,0.9983,35.8443,0.1547,0.4596,14.5610
0.0505,0.9964,35.3763,0.1788,0.3763,6.1154
0.0482,0.9994,29.7083,0.1877,0.5135,21.8518
0.0553,0.9959,36.7716,0.1512,0.5345,23.9671
0.0575,0.9958,29.8392,0.2020,0.3967,29.1546
0.0519,0.9975,32.0421,0.1946,0.4446,24.9955
0.0438,0.9951,34.1256,0.1890,0.5618,32.8635
0.0504,0.9971,32.7484,0.1461,0.4721,6.4116
0.0433,0.9964,37.2671,0.1844,0.4660,22.0018
0.0480,0.9966,33.1228,0.1645,0.6053,22.0954
0.0580,0.9947,32.0626,0.1473,0.2200,3.6736
0.0532,0.9964,27.1130,0.1712,0.2791,28.5871
0.0430,0.9965,37.8153,0.1817,0.5561,56.6858
0.0448,0.9951,39.5048,0.1884,0.3797,4.0772
0.0567,0.9956,35.6766,0.1675,0.5883,6.2066
0.0510,0.9976,33.0262,0.1761,0.4427,3.8344
0.0591,0.9980,32.1014,0.1734,0.4824,21.4387
0.0442,0.9974,34.6570,0.2178,0.5368,21.8855
0.0423,0.9973,31.8397,0.1616,0.5587,27.7135
0.0515,0.9956,34.3430,0.1783,0.4840,15.9933
0.0485,0.9975,26.3943,0.1659,0.3813,35.6740
0.0576,0.9949,33.3757,0.1754,0.4894,16.2012
0.0575,0.9968,30.9042,0.1839,0.3712,0.3186
0.0495,0.9972,33.6322,0.1655,0.4413,43.2946
0.0494,0.9968,32.3167,0.1928,0.5338,22.6874
0.0445,0.9973,27.0905,0.1903,0.4700,18.0685
0.0455,0.9943,24.1052,0.1551,0.5986,11.5382
0.0480,0.9963,34.3945,0.1373,0.5506,56.4550
0.0504,0.9977,27.1431,0.1831,0.4525,25.8447
0.0433,0.9956,36.7093,0.1402,0.6420,16.1596
0.0501,0.9993,30.5504,0.2025,0.4084,22.9002
0.0532,0.9963,30.1436,0.1390,0.4415,56.5533
0.0493,0.9955,34.9480,0.1611,0.4328,14.5820
0.0444,0.9967,34.5729,0.2310,0.4569,16.6404
0.0372,0.9979,31.9943,0.1837,0.5621,2.4267
0.0464,0.9962,33.2841,0.1911,0.3759,17.4307
0.0546,0.9954,29.4979,0.1798,0.4978,33.3970
0.0433,0.9944,35.6378,0.1710,0.4938,14.5001
0.0497,0.9956,27.8046,0.1832,0.4172,36.9537
0.0486,0.9944,34.1569,0.2014,0.4765,26.4677
0.0536,0.9953,33.1379,0.1726,0.4843,55.3380
0.0548,0.9940,34.4351,0.1547,0.5680,32.6494
0.0443,0.9976,20.5360,0.2172,0.5633,25.8481
0.0569,0.9936,37.9364,0.1707,0.5707,15.6303
0.0415,0.9972,28.9560,0.1831,0.5371,0.7980
0.0419,0.9955,37.0882,0.1771,0.5657,28.7826
0.0536,0.9947,36.9606,0.1644,0.3208,44.2409
0.0573,0.9948,26.3864,0.1584,0.3246,59.9329
0.0487,0.9975,35.6332,0.1973,0.5800,19.3254
0.0551,0.9956,41.4735,0.1885,0.6196,2.6924
0.0539,0.9977,35.1729,0.2156,0.4985,7.7125
0.0535,0.9968,27.7296,0.1793,0.6103,18.1286
0.0535,0.9962,25.6947,0.2036,0.4885,28.1227
0.0465,0.9969,33.5773,0.1546,0.4075,0.4400
0.0458,0.9974,33.1437,0.2035,0.5556,7.4377
0.0465,0.9954,37.6364,0.1676,0.5183,13.1506
0.0485,0.9979,32.4933,0.1900,0.5219,26.5042
0.0421,0.9948,33.4737,0.1871,0.4677,10.3963
0.0454,0.9953,31.6628,0.1970,0.4368,32.1653
0.0399,0.9958,34.9979,0.1758,0.6197,11.1788
0.0473,0.9971,34.3531,0.1788,0.5720,23.9437
0.0504,0.9948,35.0748,0.1822,0.4750,11.9521
0.0555,0.9973,32.1141,0.1841,0.4328,21.4107
0.0435,0.9974,32.0580,0.1505,0.5324,26.4859
0.0529,0.9922,27.4335,0.1768,0.4303,20.3496
0.0559,0.9960,35.8537,0.1418,0.4560,46.6827
0.0366,0.9971,37.9879,0.1839,0.6184,15.2813
0.0671,0.9975,23.0576,0.1881,0.4133,45.8487
0.0488,0.9968,23.9061,0.1861,0.5847,27.0898
0.0510,0.9957,33.9919,0.1476,0.3129,5.9584
0.0532,0.9969,26.4858,0.1543,0.4399,14.4984
0.0446,0.9975,33.8943,0.1680,0.5934,13.4415
0.0602,0.9959,34.3888,0.1483,0.3337,37.8703
0.0405,0.9977,34.0258,0.1787,0.6134,2.2709
0.0501,0.9980,32.2031,0.1640,0.4782,8.1110
0.0579,0.9978,28.1807,0.1894,0.5018,5.1819
0.0590,0.9953,27.4895,0.1966,0.4023,42.5526
0.0516,0.9969,22.0022,0.1830,0.3671,25.6660
0.0528,0.9971,24.8545,0.2225,0.3897,18.3826
0.0460,0.9964,35.5225,0.1718,0.4881,46.5677
0.0568,0.9949,30.2298,0.1736,0.4450,29.1387
0.0468,0.9955,46.8432,0.1981,0.6179,13.5075
0.0556,0.9981,33.9121,0.1739,0.5243,43.9204
0.0509,0.9967,29.6770,0.1448,0.4757,30.9074
0.0513,0.9973,28.2900,0.1736,0.3172,24.2769
0.0374,0.9977,32.2893,0.1642,0.5011,4.1314
0.0424,0.9990,34.4469,0.1979,0.4571,17.5835
0.0430,0.9974,34.2418,0.1624,0.4606,13.4434
0.0570,0.9972,31.3179,0.2108,0.4310,36.1376
0.0498,0.9976,35.8345,0.1839,0.6147,56.5632
0.0449,0.9965,27.7252,0.1830,0.4839,42.9362
0.0442,0.9977,29.2477,0.2068,0.4585,16.6602
0.0418,0.9963,39.9213,0.2222,0.5203,28.5214
0.0433,0.9976,32.4560,0.1914,0.5336,33.4681
0.0491,0.9989,28.0521,0.1519,0.3764,54.1545
0.0453,0.9964,27.9265,0.1850,0.4581,27.1022
0.0464,0.9967,35.7891,0.1935,0.5074,35.8242
0.0499,0.9966,29.7374,0.1953,0.4164,40.8878
0.0550,0.9963,29.7814,0.1715,0.3871,35.6889
0.0613,0.9984,23.5393,0.1660,0.4760,2.7754
0.0517,0.9979,27.0745,0.1746,0.4538,40.1253
0.0565,0.9977,28.8122,0.1966,0.4430,4.4564
0.0464,0.9967,36.9489,0.2161,0.5031,12.6981
0.0505,0.9959,31.5097,0.1486,0.2963,36.5378
0.0507,0.9985,27.9263,0.1631,0.4000,6.5843
0.0471,0.9973,30.0970,0.1742,0.2919,18.7016
0.0471,0.9955,31.1519,0.1441,0.6099,50.3927
0.0624,0.9932,25.1195,0.1954,0.2960,22.6836
0.0495,0.9953,32.6204,0.2189,0.3531,12.7675
0.0509,0.9981,27.7768,0.1856,0.4545,9.7412
0.0447,0.9959,39.1437,0.1816,0.3906,14.4335
0.0482,0.9984,26.1532,0.1979,0.4587,48.1292
0.0578,0.9963,39.1836,0.1780,0.5402,14.5575
0.0460,0.9952,35.2183,0.1706,0.4760,23.7982
0.0538,0.9947,32.6937,0.1900,0.4027,15.1884
0.0482,0.9947,38.8105,0.2037,0.5095,9.8771
0.0458,0.9972,34.1964,0.2150,0.4542,10.5241
0.0511,0.9957,34.9056,0.1797,0.5269,58.7831
0.0457,0.9976,33.4747,0.1835,0.5371,31.9843
0.0481,0.9961,26.1052,0.1796,0.4289,40.4436
0.0568,0.9977,29.7904,0.1671,0.5140,7.0962
0.0518,0.9975,29.0571,0.1647,0.4457,3.4729
0.0522,0.9931,40.4838,0.1633,0.5712,23.5968
0.0423,0.9955,32.6491,0.2084,0.5681,22.7851
0.0387,0.9950,32.8817,0.1935,0.5345,29.0985
0.0550,0.9943,35.5931,0.1605,0.4426,3.0084
0.0489,0.9993,30.0656,0.1860,0.5122,26.8783
0.0511,0.9976,31.9067,0.1967,0.3498,21.6696
0.0378,0.9984,31.0198,0.2081,0.4848,7.9916
0.0496,0.9965,37.9260,0.1887,0.1861,7.2661
0.0532,0.9952,27.6309,0.1941,0.2809,36.9521
0.0562,0.9962,28.2722,0.2122,0.2882,32.7292
0.0586,0.9976,26.8233,0.1583,0.2981,12.6476
0.0554,0.9981,29.7166,0.1707,0.4701,19.8883
0.0582,0.9976,31.0615,0.1953,0.5311,13.3850
0.0492,0.9983,26.0130,0.1870,0.3145,9.6884
0.0516,0.9975,39.0621,0.1857,0.4975,39.1104
0.0578,0.9960,30.5258,0.1925,0.5035,32.5587
0.0446,0.9985,32.4642,0.2061,0.4454,6.5845
0.0504,0.9960,35.0070,0.1686,0.6288,16.0783
0.0483,0.9954,35.1672,0.2070,0.5723,22.8679
0.0406,0.9959,32.5720,0.1496,0.5682,54.6271
0.0400,0.9953,29.9050,0.2168,0.2578,5.9369
0.0479,0.9968,32.5890,0.1649,0.5229,15.6960
0.0541,0.9964,39.2077,0.1861,0.3887,7.3729
0.0567,0.9970,31.0473,0.1613,0.5866,50.0613
0.0470,0.9978,34.4042,0.1771,0.5494,27.9464
0.0408,0.9952,31.8267,0.1603,0.4005,10.8340
0.0565,0.9990,28.0103,0.1711,0.5372,44.6006
0.0557,0.9971,28.8762,0.1830,0.5302,1.1777
0.0451,0.9972,29.7547,0.1892,0.5896,16.5623
0.0519,0.9963,31.8103,0.1841,0.5748,10.7258
0.0662,0.9941,38.5620,0.1811,0.3963,12.3239
0.0500,0.9963,36.0612,0.1571,0.5977,7.4928
0.0637,0.9976,28.1655,0.1548,0.2730,45.5117
0.0558,0.9931,41.6326,0.1843,0.5320,9.2834
0.0511,0.9986,26.5524,0.2028,0.4021,30.7643
0.0516,0.9969,22.4610,0.1900,0.3309,50.0195
0.0537,0.9960,40.2054,0.1676,0.5245,10.5693
0.0498,0.9971,33.3773,0.1489,0.6226,4.6153
0.0495,0.9977,28.1803,0.1634,0.4787,12.4219
0.0398,0.9977,33.0449,0.1916,0.5831,28.1518
0.0506,0.9967,32.3134,0.1808,0.4789,15.2635
0.0439,0.9979,34.2060,0.1959,0.4697,20.2452
0.0510,0.9970,28.2676,0.1764,0.3121,15.1492
0.0329,0.9959,30.9348,0.2039,0.4585,22.6160
0.0468,0.9953,27.4021,0.1812,0.4572,42.5772
0.0542,0.9967,30.1264,0.1985,0.5186,26.6330
0.0620,0.9951,34.4215,0.2328,0.4435,1.1607
0.0521,0.9983,29.5149,0.1763,0.5949,8.7348
0.0410,0.9976,34.6781,0.1777,0.5540,14.1227
0.0532,0.9975,29.9314,0.1648,0.5413,4.2989
0.0429,0.9947,40.4700,0.1828,0.5380,25.8489
0.0482,0.9972,32.0033,0.1698,0.3866,59.5689
0.0482,0.9958,38.3590,0.1627,0.6799,13.3489
0.0480,0.9961,35.8988,0.1997,0.5444,3.0538
0.0435,0.9975,29.7662,0.1600,0.4804,17.2440
0.0377,0.9960,34.8572,0.1873,0.5553,0.6721
0.0434,0.9979,26.0859,0.1740,0.4270,40.3223
0.0321,0.9973,28.0021,0.1912,0.5575,36.9912
0.0565,0.9950,36.9050,0.1534,0.3843,17.7416
0.0559,0.9963,32.5919,0.1759,0.5358,8.6488
0.0536,0.9958,40.5858,0.1744,0.6000,49.6128
0.0530,0.9972,26.6964,0.1706,0.5589,56.8415
0.0441,0.9984,30.9052,0.1962,0.4523,0.6663
0.0563,0.9957,28.7894,0.1800,0.3989,26.1377
0.0511,0.9960,33.6750,0.1923,0.4164,25.8731
0.0561,0.9974,28.5300,0.1780,0.4270,36.6048
0.0487,0.9976,36.7248,0.1650,0.6115,15.1825
0.0517,0.9967,35.7532,0.1581,0.5261,25.5726
0.0498,0.9982,30.4029,0.1411,0.4450,59.6533
0.0554,0.9973,27.8651,0.1783,0.5453,23.4775
0.0409,0.9978,29.5715,0.1913,0.4735,6.9942
0.0486,0.9967,29.5647,0.1695,0.5109,1.8323
0.0591,0.9987,27.0825,0.1716,0.4102,51.6205
0.0538,0.9962,27.6016,0.1714,0.5853,17.1813
0.0514,0.9958,29.3114,0.1500,0.4499,30.6929
0.0669,0.9953,29.9844,0.1597,0.4256,45.9182
0.0537,0.9984,29.5629,0.1738,0.4111,5.2228
0.0439,0.9975,35.4090,0.2037,0.4720,15.2352
0.0516,0.9971,27.6221,0.1753,0.4465,34.1496
0.0480,0.9958,33.5394,0.1671,0.5233,18.7221
0.0465,0.9982,33.2509,0.1609,0.5425,8.9101
0.0450,0.9968,29.3386,0.1508,0.4509,8.1681
0.0501,0.9961,32.3575,0.1556,0.4364,20.4586
0.0484,0.9967,27.7243,0.1369,0.6125,44.2321
0.0467,0.9972,33.1743,0.1744,0.4808,5.5137
0.0513,0.9950,30.6262,0.2181,0.5719,23.1604
0.0480,0.9974,30.2352,0.1644,0.5493,12.4794
0.0613,0.9977,23.7783,0.1693,0.4039,8.2239
0.0462,0.9965,33.1293,0.1468,0.3363,38.6257
0.0662,0.9948,37.4534,0.1901,0.3478,22.1865
0.0459,0.9969,36.8992,0.1546,0.6411,15.6466
0.0463,0.9966,33.8592,0.1494,0.3820,48.7352
0.0427,0.9972,30.7952,0.2075,0.5405,12.7387
0.0422,0.9943,37.5762,0.2081,0.4853,41.2983
0.0600,0.9935,32.7527,0.1245,0.5332,18.0367
0.0577,0.9980,33.4693,0.1719,0.4178,22.6190
0.0528,0.9968,37.7762,0.1841,0.3933,33.4287
0.0416,0.9979,30.8978,0.1805,0.4895,11.2718
0.0471,0.9956,35.5349,0.2002,0.3126,10.5374
0.0512,0.9958,32.8786,0.1650,0.6027,50.0238
0.0487,0.9967,29.9209,0.1547,0.4818,0.8808
0.0568,0.9945,35.6838,0.1593,0.5888,19.2470
0.0544,0.9940,31.5312,0.1875,0.4617,41.2450
0.0470,0.9970,30.8986,0.2126,0.6222,17.1755
0.0555,0.9940,37.4856,0.1740,0.4299,30.9977
0.0487,0.9982,30.7538,0.1886,0.3820,7.5284
0.0498,0.9957,33.6181,0.1535,0.5114,21.5945
0.0386,0.9978,26.2616,0.1988,0.4742,21.8432
0.0412,0.9950,37.7045,0.1739,0.5778,12.8397
0.0524,0.9951,22.6852,0.1523,0.5276,47.8327
0.0509,0.9966,31.1751,0.1819,0.5656,19.3372
0.0453,0.9967,33.8436,0.1850,0.5123,44.9083
0.0549,0.9985,29.7273,0.1816,0.5382,0.6365
0.0461,0.9965,31.5486,0.2051,0.3255,12.4695
0.0504,0.9956,33.3977,0.1742,0.3915,15.2605
0.0580,0.9965,28.9737,0.1860,0.3444,23.2452
0.0458,0.9971,34.0528,0.2006,0.5290,11.3402
0.0531,0.9973,26.5694,0.1512,0.4433,26.4924
0.0569,0.9973,26.9731,0.1639,0.3723,41.5445
0.0506,0.9960,33.2574,0.1617,0.4540,5.5862
0.0450,0.9970,30.0266,0.1767,0.4147,54.2500
0.0428,0.9970,37.9872,0.1759,0.6092,13.7691
0.0607,0.9986,34.0170,0.1638,0.4211,1.5685
0.0460,0.9983,28.5145,0.2272,0.5110,7.1293
0.0504,0.9996,30.2435,0.1655,0.4749,6.3784
0.0467,0.9972,34.6560,0.1912,0.4784,10.6777
0.0553,0.9984,29.6778,0.1577,0.4471,6.0880
0.0423,0.9963,31.7203,0.1690,0.5913,14.1340
0.0547,0.9967,24.7042,0.2027,0.4093,24.6343
0.0437,0.9978,28.3152,0.1716,0.4903,7.9140
0.0554,0.9931,37.5340,0.1745,0.5814,0.6866
0.0454,0.9985,27.3828,0.1601,0.4881,20.0102
0.0368,0.9987,35.2699,0.1962,0.4923,15.2648
0.0646,0.9964,32.4188,0.1727,0.3762,34.6037
0.0500,0.9958,32.7533,0.1867,0.4597,13.0888
0.0445,0.9978,32.5108,0.2015,0.4840,10.2339
0.0490,0.9953,33.7840,0.1590,0.4837,7.8889
0.0497,0.9982,33.5998,0.1666,0.5135,12.5322
0.0402,0.9935,32.1937,0.2081,0.4785,7.9628
0.0549,0.9941,38.2392,0.1351,0.4766,21.1284
0.0355,0.9958,32.2348,0.1374,0.5656,16.7871
0.0456,0.9978,29.9000,0.2045,0.4699,11.5105
0.0595,0.9948,35.1772,0.1580,0.5378,11.7318
0.0559,0.9961,34.8635,0.1808,0.6191,18.1547
0.0557,0.9975,32.5934,0.1822,0.3735,14.4428
0.0438,0.9952,37.6314,0.1727,0.6350,7.6713
0.0473,0.9953,34.5384,0.1858,0.4470,30.8705
0.0484,0.9942,33.5781,0.1659,0.5043,27.4978
0.0472,0.9974,34.5689,0.1901,0.5033,54.8469
0.0543,0.9966,32.3625,0.1794,0.5500,28.8102
0.0477,0.9970,34.7566,0.1456,0.4072,10.3759
0.0569,0.9944,34.3401,0.1878,0.4055,46.4153
0.0409,0.9959,33.7267,0.1748,0.4363,17.1913
0.0525,0.9995,28.6471,0.1638,0.5293,40.0259
0.0494,0.9992,29.4728,0.2251,0.5139,26.7254
0.0517,0.9980,31.2793,0.1694,0.5243,11.4584
0.0432,0.9972,34.0125,0.1920,0.3749,1.5246
0.0494,0.9961,36.4773,0.1813,0.5767,34.5668
0.0484,0.9959,40.0502,0.1809,0.4435,8.7015
0.0505,0.9963,30.6308,0.1538,0.6461,9.2675
0.0438,0.9979,36.3784,0.1680,0.4857,5.2579
0.0636,0.9977,32.3419,0.1859,0.4661,6.4284
0.0559,0.9976,28.4240,0.1992,0.4901,6.7159
0.0506,0.9969,37.3980,0.2176,0.6064,10.9723
0.0395,0.9958,35.6640,0.1722,0.5793,52.0637
0.0578,0.9969,26.5705,0.1926,0.2832,43.9906
0.0470,0.9954,30.3753,0.1977,0.4565,41.7272
0.0549,0.9992,24.6715,0.1684,0.3915,36.8252
0.0487,0.9944,48.1512,0.2011,0.4858,23.4275
0.0489,0.9953,38.5197,0.1610,0.4646,0.3685
0.0487,0.9965,29.8688,0.1726,0.4759,54.6741
0.0448,0.9970,33.5335,0.1608,0.4845,10.6059
0.0525,0.9962,42.4120,0.1759,0.5738,8.4505
0.0496,0.9972,42.2701,0.1909,0.6072,25.1571
0.0362,0.9964,27.8766,0.2003,0.4254,29.3207
0.0462,0.9994,26.3860,0.1634,0.3565,59.7779
0.0597,0.9975,28.5042,0.1766,0.4868,14.1695
0.0464,0.9981,32.7302,0.1878,0.5640,15.1982
0.0639,0.9966,34.9805,0.1715,0.4584,4.0948
0.0486,0.9956,31.2382,0.1737,0.2786,48.1785
0.0503,0.9987,31.8018,0.2090,0.4408,17.6480
0.0527,0.9970,25.9502,0.1922,0.3846,25.3294
0.0492,0.9967,34.3893,0.1853,0.5882,10.7966
0.0487,0.9980,37.0819,0.1768,0.4919,19.4454
0.0552,0.9972,21.6069,0.1683,0.5648,32.3786
0.0508,0.9935,25.1981,0.1539,0.3760,35.8101
0.0484,0.9958,31.0298,0.1809,0.4264,17.5316
0.0568,0.9943,31.7355,0.1963,0.3771,10.3562
0.0543,0.9984,26.0626,0.1452,0.4052,43.0119
0.0428,0.9956,30.3263,0.2076,0.3365,11.8390
0.0541,0.9983,31.4900,0.1633,0.5519,7.4091
0.0409,0.9971,37.1702,0.1646,0.6350,16.5232
0.0489,0.9957,37.7537,0.1811,0.4003,6.3621
0.0423,0.9975,36.9583,0.2043,0.4430,11.5546
0.0668,0.9949,21.9726,0.1737,0.3748,42.4304
0.0496,0.9942,32.4725,0.1721,0.4755,32.8320
0.0560,0.9950,36.7490,0.1864,0.4787,35.6338
0.0481,0.9948,34.6178,0.1934,0.4021,27.3873
0.0501,0.9981,34.2483,0.1967,0.4517,20.0319
0.0432,0.9952,37.9470,0.1672,0.6687,12.9058
0.0492,0.9953,31.1562,0.1642,0.6012,5.2256
0.0570,0.9979,36.8984,0.1779,0.4812,0.4813
0.0572,0.9948,31.3901,0.1620,0.4007,1.4021
0.0412,0.9970,30.1365,0.2181,0.4717,57.5822
0.0517,0.9969,36.4312,0.1413,0.4404,42.5618
0.0521,0.9964,33.6618,0.1771,0.3867,40.6158
0.0383,0.9976,34.0174,0.1813,0.5555,8.4526
0.0529,0.9950,37.0735,0.1763,0.4961,22.0951
0.0488,0.9983,30.8751,0.1968,0.5848,7.1001
0.0532,0.9970,26.7202,0.1609,0.5287,54.3513
0.0452,0.9978,37.9875,0.1940,0.5409,26.9032
0.0530,0.9976,30.2965,0.2035,0.4734,16.0710
0.0420,0.9997,30.1084,0.2004,0.4660,10.3553
0.0456,0.9961,34.9586,0.1817,0.3924,23.9309
0.0482,0.9978,37.7956,0.1891,0.5613,38.5695
0.0541,0.9967,30.3069,0.1900,0.4373,2.3912
0.0471,0.9935,35.6196,0.1816,0.3318,10.7755
0.0499,0.9980,37.2408,0.1818,0.5042,7.4297
0.0454,0.9994,34.0700,0.1736,0.5050,7.0319
0.0472,0.9953,32.2095,0.1859,0.5739,5.3145
0.0519,0.9939,21.6010,0.1654,0.4213,35.5058
0.0526,0.9981,36.1099,0.1707,0.5391,12.1665
0.0417,0.9985,34.8882,0.1778,0.4677,2.3869
0.0496,0.9953,33.2257,0.1931,0.3129,13.4352
0.0518,0.9941,32.3410,0.1476,0.5220,38.0647
0.0550,0.9989,25.0207,0.2083,0.2629,57.4854
0.0543,0.9935,34.4814,0.1571,0.5223,29.9208
0.0530,0.9971,38.1884,0.1516,0.3955,18.9376
0.0497,0.9963,31.5101,0.1547,0.4897,50.8975
0.0447,0.9951,34.5271,0.1592,0.4839,8.2406
0.0485,0.9926,34.7984,0.1608,0.3321,34.0612
0.0661,0.9951,28.0992,0.1689,0.3997,47.8926
0.0456,0.9955,39.5859,0.1830,0.6121,12.7757
0.0686,0.9954,33.6745,0.1774,0.3831,43.0819
0.0467,0.9973,34.7331,0.1645,0.5389,2.9020
0.0391,0.9979,43.9083,0.1898,0.6336,34.0092
0.0498,0.9963,34.1636,0.2070,0.4366,24.5799
0.0493,0.9974,30.6060,0.1579,0.3964,20.6356
0.0514,0.9989,34.3754,0.2086,0.5468,14.1781
0.0524,0.9991,29.7368,0.1727,0.5146,52.2118
0.0459,0.9943,33.0116,0.1748,0.5851,24.6919
0.0439,0.9976,32.2282,0.2140,0.4050,20.1814
0.0494,0.9930,33.1579,0.2058,0.4498,22.0573
0.0567,0.9968,33.7498,0.1964,0.4394,45.5783
0.0528,0.9953,29.9769,0.1590,0.3451,7.5151
0.0446,0.9984,32.3494,0.1773,0.5761,47.7407
0.0535,0.9975,32.9650,0.1760,0.2818,3.8209
0.0453,0.9976,35.1359,0.1743,0.4839,15.9602
0.0453,0.9935,33.6414,0.1489,0.5049,4.7135
0.0564,0.9950,35.5966,0.1790,0.5168,7.4341
0.0500,0.9974,23.9514,0.1592,0.3956,23.8533
0.0465,0.9982,27.4423,0.1593,0.5302,12.5425
0.0519,0.9983,30.8189,0.1554,0.4135,7.2584
0.0552,0.9953,31.1298,0.1481,0.4855,36.5985
0.0422,0.9945,43.1291,0.2129,0.5196,36.0741
0.0547,0.9967,34.1965,0.1868,0.3227,27.3842
0.0517,0.9945,39.4828,0.2000,0.5314,26.6123
0.0383,0.9973,32.4819,0.1766,0.6091,16.7260
0.0553,0.9973,34.5671,0.1866,0.4072,14.7206
0.0565,0.9991,31.2849,0.1576,0.5160,56.1579
0.0630,0.9970,25.5580,0.1458,0.3069,17.4323
0.0532,0.9968,30.0938,0.1756,0.5378,36.6448
0.0430,0.9982,27.7759,0.2163,0.5131,21.3909
0.0548,0.9968,31.0147,0.1622,0.5162,0.8251
0.0396,0.9973,37.4858,0.1881,0.4948,22.8741
0.0475,0.9985,26.7413,0.1909,0.3928,17.8053
0.0496,0.9975,28.8561,0.2157,0.4250,33.2685
0.0502,0.9944,30.5040,0.1842,0.5316,55.2004
0.0605,0.9941,32.2043,0.1693,0.2572,12.7941
0.0474,0.9964,36.6311,0.2033,0.4028,33.5340
0.0584,0.9970,39.6712,0.2001,0.4114,5.1327
0.0494,0.9963,27.6943,0.1649,0.4516,31.5711
0.0499,0.9972,35.1026,0.1605,0.5308,24.0295
0.0623,0.9973,28.2989,0.1932,0.5000,14.2041
0.0480,0.9973,27.0431,0.1349,0.4200,47.8377
0.0498,0.9987,34.2687,0.1989,0.6562,21.4832
0.0506,0.9986,31.2935,0.1596,0.2872,42.2077
0.0670,0.9966,27.9387,0.1839,0.3762,19.6054
0.0530,0.9985,25.3076,0.2002,0.4629,34.1472
0.0458,0.9973,31.4932,0.1888,0.4888,41.9738
0.0562,0.9982,35.9425,0.1849,0.5053,0.3505
0.0514,0.9945,36.9849,0.1570,0.3067,25.9428
0.0639,0.9969,35.1679,0.1638,0.6334,20.2597
0.0537,0.9993,29.4262,0.1452,0.5198,47.6322
0.0389,0.9953,39.1588,0.1953,0.5251,23.0257
0.0349,0.9966,42.9473,0.1771,0.4796,35.9512
0.0454,0.9985,30.0811,0.1869,0.3617,27.6546
0.0440,0.9946,36.1718,0.1751,0.6362,40.6305
0.0370,0.9958,42.2631,0.1964,0.6039,1.8559
0.0510,0.9979,29.4539,0.1613,0.5133,56.2631
0.0443,0.9959,32.8263,0.1505,0.6342,5.1120
0.0574,0.9934,32.4240,0.1898,0.4608,20.8173
0.0408,0.9958,34.1877,0.1390,0.7163,37.1653
0.0432,0.9977,35.1633,0.1655,0.4674,4.0606
0.0410,0.9980,29.5490,0.2037,0.5786,23.3774
0.0602,0.9958,29.7271,0.1588,0.5382,8.8622
0.0468,0.9974,36.2185,0.2006,0.4504,22.8197
0.0399,0.9945,33.5808,0.1941,0.4438,10.7760
0.0528,0.9984,27.0011,0.1698,0.3122,47.3457
0.0555,0.9965,30.3186,0.1711,0.4217,12.4947
0.0508,0.9984,25.5551,0.2279,0.4001,23.7506
0.0470,0.9991,31.5564,0.1756,0.4497,34.3375
0.0527,0.9972,31.7805,0.1394,0.3468,11.1456
0.0454,0.9938,44.4605,0.1732,0.5239,43.0031
0.0527,0.9948,33.7770,0.1643,0.5041,25.6200
0.0451,0.9962,28.2590,0.1889,0.3690,32.3384
0.0484,0.9980,28.7156,0.2045,0.5319,1.4650
0.0467,0.9964,36.4824,0.1755,0.5516,6.3362
0.0523,0.9940,28.5890,0.1587,0.4615,40.5631
0.0486,0.9976,31.8846,0.1994,0.5641,20.5189
0.0455,0.9986,27.4760,0.1638,0.5557,59.6396
0.0481,0.9973,37.4984,0.1875,0.4202,6.5408
0.0408,0.9926,33.7265,0.1808,0.5057,11.2702
0.0468,0.9965,35.0646,0.1556,0.4297,55.0089
0.0465,0.9980,28.9803,0.1734,0.4950,6.5131
0.0439,0.9978,32.9541,0.1649,0.4591,2.2263
0.0524,0.9972,33.3559,0.1860,0.5175,9.6082
0.0550,1.0000,24.8136,0.1610,0.3590,41.5204
0.0425,0.9981,30.6695,0.1711,0.5738,11.7308
0.0523,0.9960,33.7939,0.1621,0.4937,9.9674
0.0463,0.9982,26.2882,0.2316,0.4231,54.6079
0.0564,0.9949,32.8908,0.1478,0.2894,39.3410
0.0463,0.9974,33.3542,0.1754,0.4284,33.7003
0.0496,0.9980,27.5977,0.1571,0.3752,54.2822
0.0495,0.9960,30.9840,0.1529,0.4839,21.3637
0.0592,0.9953,34.7117,0.2041,0.4820,13.5780
0.0433,0.9970,30.3393,0.2114,0.5041,41.1659
0.0477,0.9976,35.0421,0.1855,0.5410,15.0125
0.0556,0.9973,31.2098,0.2094,0.4958,16.6633
0.0539,0.9950,34.3256,0.1374,0.5553,12.9860
0.0461,0.9962,31.5391,0.1800,0.3933,32.5871
0.0448,0.9992,30.2934,0.1640,0.4939,30.4073
0.0610,0.9948,31.4094,0.1830,0.4302,20.4345
0.0464,0.9972,31.3618,0.1661,0.5954,40.2855
0.0515,0.9969,33.6691,0.1984,0.3664,12.1089
0.0486,0.9968,37.2492,0.1889,0.5071,11.1640
0.0533,0.9929,31.3392,0.1501,0.2520,53.4740
0.0425,0.9964,30.7722,0.1363,0.6337,16.5433
0.0565,0.9970,33.8070,0.1541,0.4499,22.2854
0.0536,0.9979,29.3123,0.2177,0.4600,7.2473
0.0559,0.9982,25.4238,0.1919,0.3616,29.9342
0.0558,0.9974,32.1198,0.1904,0.2923,21.6271
0.0492,0.9966,37.1233,0.1944,0.4923,10.2024
0.0546,0.9975,29.0523,0.1662,0.4219,22.1638
0.0528,0.9977,34.1668,0.2103,0.4886,2.5259
0.0482,0.9957,31.7023,0.1725,0.3325,0.8611
0.0574,0.9976,31.2417,0.1864,0.5918,16.3785
0.0441,0.9953,39.8702,0.2073,0.4929,4.1765
0.0524,0.9947,34.5331,0.1643,0.4043,22.0937
0.0481,0.9950,33.8955,0.1579,0.4114,8.8692
0.0467,0.9959,33.7802,0.1551,0.5312,19.4823
0.0409,0.9973,28.5262,0.1533,0.6669,0.8903
0.0444,0.9965,37.5150,0.2194,0.4150,14.7021
0.0500,0.9989,33.9698,0.1712,0.7078,0.0212
0.0496,0.9980,29.7500,0.1819,0.3310,11.1395
0.0462,0.9969,35.3615,0.1796,0.4696,18.4698
0.0464,0.9998,34.5106,0.1810,0.4855,13.2872
0.0486,0.9968,32.1400,0.1596,0.4703,24.1556
0.0475,0.9973,24.5020,0.1828,0.4637,16.8243
0.0638,0.9971,27.9481,0.1690,0.3948,47.4931
0.0431,0.9947,41.1098,0.1738,0.5842,54.1248
0.0528,0.9960,28.9999,0.1541,0.4990,55.0936
0.0525,0.9944,36.8220,0.1598,0.4389,14.3995
0.0496,0.9963,40.3344,0.1720,0.4260,25.2174
0.0599,0.9972,26.7635,0.1934,0.3452,58.6246
0.0438,0.9967,29.1874,0.1440,0.5925,19.1075
0.0539,0.9963,32.8128,0.1543,0.5331,1.6742
0.0542,0.9977,28.7280,0.2231,0.4904,24.9504
0.0497,0.9970,29.8042,0.1729,0.4387,18.0428
0.0584,0.9966,31.7966,0.1645,0.4179,6.3742
0.0451,0.9977,32.0424,0.1834,0.3405,7.9942
0.0395,0.9995,30.4167,0.2081,0.6259,15.7163
0.0460,0.9973,32.7688,0.1478,0.5072,12.2724
0.0577,0.9937,48.4772,0.2125,0.5576,52.8348
0.0619,0.9973,31.7985,0.1476,0.4942,52.6170
0.0614,0.9942,30.5939,0.1885,0.1554,11.6340
0.0542,0.9967,30.2084,0.1865,0.5266,6.9112
0.0493,0.9969,30.2259,0.1751,0.5280,29.4844
0.0452,0.9969,28.1394,0.1875,0.3961,18.1885
0.0578,0.9953,30.1244,0.1549,0.2785,6.2034
0.0471,0.9983,37.4690,0.1921,0.4162,6.6337
0.0440,0.9970,35.7622,0.1561,0.4717,27.0057
0.0500,0.9971,32.4679,0.1886,0.5915,7.9128
0.0556,0.9983,31.6649,0.1929,0.4099,39.5837
0.0567,0.9976,33.4538,0.1736,0.5801,18.3894
0.0501,0.9971,30.1126,0.1545,0.2881,56.1623
0.0513,0.9950,32.5983,0.1850,0.5753,17.6501
0.0456,0.9942,35.2456,0.1674,0.5552,26.8576
0.0449,0.9975,28.5667,0.1684,0.6101,24.2231
0.0466,0.9962,37.3673,0.2107,0.5450,16.3423
0.0520,0.9961,27.8978,0.1905,0.5020,16.0443
0.0498,0.9962,35.0722,0.1749,0.4607,24.7681
0.0536,0.9956,38.0433,0.1435,0.5386,35.1575
0.0459,0.9973,24.5253,0.1646,0.5655,10.4648
0.0608,0.9946,28.9206,0.1977,0.3271,25.5856
0.0525,0.9954,33.4119,0.1512,0.3573,7.9823
0.0571,0.9974,28.4667,0.1673,0.4493,28.1949
0.0608,0.9964,31.8883,0.1513,0.5309,58.4169
0.0530,0.9956,33.9028,0.1518,0.3197,22.3612
0.0382,0.9979,27.6793,0.1616,0.5946,26.9346
0.0370,0.9983,29.7956,0.2021,0.4560,21.5093
0.0491,0.9981,29.0381,0.1891,0.5707,58.1371
0.0505,0.9972,32.9180,0.1685,0.4227,11.8999
0.0509,0.9940,33.6457,0.1589,0.4525,25.0148
0.0601,0.9981,29.5654,0.1745,0.4529,2.3644
0.0437,0.9952,24.5246,0.1700,0.5433,31.5244
0.0506,0.9981,29.2521,0.1503,0.5018,12.5569
0.0475,0.9990,26.8090,0.1475,0.5485,27.6682
0.0587,0.9956,37.4554,0.1938,0.4801,13.3275
0.0427,0.9961,38.7567,0.2013,0.5638,20.9129
0.0424,0.9968,31.0654,0.2005,0.5055,23.2355
0.0560,0.9961,35.5338,0.1419,0.6101,42.7988
0.0347,0.9962,35.8535,0.1959,0.4528,44.4835
0.0612,0.9972,33.8766,0.1819,0.3892,11.4116
0.0481,0.9974,38.4705,0.1780,0.5181,56.2805
0.0570,0.9972,26.0903,0.1874,0.3324,0.4885
0.0602,0.9950,29.8234,0.1519,0.3726,24.5547
0.0641,0.9951,36.0608,0.1405,0.4576,37.9200
0.0604,0.9927,51.4243,0.2027,0.5150,38.7712
0.0650,0.9948,33.3250,0.1921,0.3545,55.9938
0.0542,0.9976,28.4851,0.1762,0.3463,10.3406
0.0487,0.9964,35.6730,0.2060,0.5052,15.5856
0.0479,0.9980,31.9378,0.1855,0.6093,8.2210
0.0526,0.9947,32.6218,0.1832,0.3067,21.6643
0.0503,0.9986,27.7096,0.1656,0.4196,45.5017
0.0490,0.9981,33.9254,0.1915,0.5270,19.2283
0.0528,0.9958,35.7474,0.1863,0.4116,7.0470
0.0524,0.9953,36.0327,0.1785,0.5852,23.8415
0.0552,0.9971,28.5572,0.1926,0.4672,50.0540
0.0464,0.9972,36.8934,0.1880,0.4431,20.7587
0.0621,0.9943,27.3111,0.1537,0.3738,19.1607
0.0468,0.9927,34.6585,0.1987,0.4412,1.0753
0.0617,0.9935,40.6867,0.1943,0.4536,7.6053
0.0413,0.9972,28.4184,0.2018,0.4925,0.0242
0.0595,0.9928,34.4027,0.1592,0.3448,9.2940
0.0376,0.9983,33.0535,0.2150,0.5186,1.8775
0.0571,0.9978,35.4437,0.1605,0.4406,29.9871
0.0496,0.9949,39.3781,0.1506,0.5428,17.8772
0.0614,0.9965,35.5916,0.1506,0.5348,15.6867
0.0452,0.9985,32.7744,0.2237,0.4093,34.4218
0.0448,0.9972,30.8230,0.1770,0.5817,4.7132
0.0483,0.9981,40.1698,0.2171,0.4726,15.4985
0.0515,0.9938,38.4074,0.1971,0.4214,21.5682
0.0401,0.9976,30.8765,0.1325,0.4890,38.4871
0.0552,0.9977,29.6805,0.1723,0.4418,41.6127
0.0388,0.9980,40.2661,0.2093,0.4821,55.3724
0.0593,0.9941,35.4962,0.1841,0.3289,23.0427
0.0460,0.9961,34.6215,0.1916,0.4581,17.9750
0.0595,0.9951,34.6986,0.2128,0.5675,24.7237
0.0610,0.9955,28.3619,0.1933,0.3077,16.9079
0.0442,0.9970,29.7294,0.1862,0.4369,16.3742
0.0537,0.9975,32.2373,0.1551,0.4194,12.9464
0.0616,0.9938,29.4005,0.1674,0.2695,33.4721
0.0549,0.9936,32.9930,0.1726,0.4713,35.7498
0.0469,0.9959,31.2261,0.1879,0.4840,8.4962
0.0479,0.9967,32.8424,0.1712,0.4840,11.0267
0.0514,0.9970,26.6248,0.1959,0.4099,42.7876
0.0509,0.9982,31.0463,0.2172,0.2924,9.0145
0.0492,0.9987,29.5318,0.1494,0.4962,0.4102
0.0395,0.9974,29.3676,0.1897,0.4460,50.8964
0.0467,0.9969,33.7720,0.1757,0.5753,3.7018
0.0356,0.9965,36.0045,0.2051,0.6328,13.1816
0.0596,0.9935,29.1662,0.1781,0.5329,35.5123
0.0483,0.9958,37.7660,0.2000,0.5045,52.5768
0.0632,0.9960,36.0521,0.1952,0.4997,8.8936
0.0515,0.9993,27.6693,0.1803,0.5826,11.3223
0.0610,0.9954,25.3516,0.1670,0.5062,48.7252
0.0439,0.9975,35.3390,0.1461,0.5994,25.2747
0.0499,0.9990,31.6713,0.1622,0.4741,26.0645
0.0338,0.9980,30.8577,0.1995,0.6075,29.7510
0.0456,0.9950,30.7314,0.1454,0.5107,22.2008
0.0498,0.9973,36.8170,0.1827,0.3069,13.1204
0.0550,0.9976,25.0025,0.1881,0.4758,59.9356
0.0551,0.9953,32.8655,0.1891,0.3772,25.1163
0.0460,0.9966,28.7377,0.1374,0.5821,25.5523
0.0466,0.9966,39.3356,0.1769,0.5452,11.5393
0.0624,0.9942,31.9874,0.1905,0.3457,15.7363
0.0502,0.9952,31.6001,0.1803,0.4936,50.1038
0.0495,0.9986,30.4935,0.1806,0.4587,48.7045
0.0521,0.9944,23.5869,0.1762,0.4067,25.7823
0.0471,0.9952,30.6005,0.1795,0.2949,19.7435
0.0495,0.9989,29.8746,0.2098,0.4422,15.0383
0.0468,0.9947,37.0384,0.1333,0.5639,38.2032
0.0511,0.9990,25.2173,0.1878,0.4393,0.7873
0.0554,0.9969,29.2803,0.1898,0.4641,36.5054
0.0501,0.9966,33.1122,0.1617,0.4542,8.1250
0.0570,0.9942,30.4262,0.1617,0.4738,12.7881
0.0524,0.9962,29.3931,0.1863,0.3374,50.5756
0.0435,0.9969,37.1064,0.1747,0.5461,1.6793
0.0513,0.9972,27.0782,0.2110,0.5319,2.5780
0.0526,0.9976,30.7534,0.1960,0.5236,15.1682
0.0630,0.9983,23.7757,0.1951,0.3505,48.6019
0.0416,0.9982,35.2979,0.1903,0.5253,4.1920
0.0485,0.9967,33.8823,0.1902,0.5046,3.4751
0.0451,0.9973,28.5361,0.1820,0.5270,37.5397
0.0488,0.9956,25.4682,0.1811,0.5087,43.9235
0.0430,0.9949,31.2436,0.1663,0.4303,4.7383
0.0455,0.9973,39.0144,0.1742,0.5210,20.0445
0.0513,0.9965,33.8462,0.2226,0.4665,26.8515
0.0532,0.9979,37.0168,0.1796,0.3219,9.1737
0.0474,0.9963,39.0185,0.1890,0.6397,1.0485
0.0536,0.9959,27.7676,0.1680,0.4495,28.2651
0.0425,0.9970,27.5701,0.1963,0.4222,58.6707
0.0387,0.9948,37.6549,0.1556,0.6601,16.2165
0.0549,0.9957,32.7032,0.1588,0.5029,29.6105
0.0565,0.9935,37.1863,0.1843,0.2784,18.1769
0.0536,0.9936,40.2375,0.1876,0.6008,11.6940
0.0633,0.9975,33.3196,0.1806,0.3855,14.3609
0.0546,0.9940,31.0361,0.1433,0.4148,0.9545
0.0416,0.9971,35.5257,0.1855,0.5828,51.3099
0.0526,0.9963,29.9888,0.2122,0.3391,13.2980
0.0416,0.9961,36.1010,0.1380,0.5988,58.7616
0.0584,0.9957,30.4167,0.1457,0.5575,40.8531
0.0549,0.9946,33.7925,0.1684,0.4190,20.6599
0.0484,0.9974,27.0112,0.1395,0.4244,20.0832
0.0532,0.9980,34.0977,0.1817,0.5066,36.8315
0.0478,0.9943,31.9365,0.1559,0.4217,26.1355
0.0564,0.9966,33.9328,0.2051,0.3323,17.2727
0.0515,0.9981,33.2636,0.1937,0.4146,38.0964
0.0440,0.9957,38.2362,0.1826,0.3131,14.7423
0.0398,0.9958,31.6331,0.2070,0.5683,9.0012
0.0531,0.9974,29.1268,0.1669,0.5286,22.7788
0.0490,0.9986,31.9128,0.1569,0.6119,15.5206
0.0379,0.9974,34.9139,0.1754,0.4568,14.5712
0.0625,0.9973,33.6315,0.1791,0.4207,22.0593
0.0485,0.9978,33.1007,0.1671,0.4170,24.7262
0.0440,0.9979,31.0578,0.2227,0.5821,25.1369
0.0455,0.9948,34.8492,0.1981,0.4847,39.8228
0.0443,0.9979,30.9664,0.1992,0.5051,1.9780
0.0485,0.9968,32.4050,0.2193,0.5477,38.7994
0.0466,0.9995,31.9864,0.1793,0.5182,32.7208
0.0549,0.9958,29.9592,0.1694,0.3634,28.9867
0.0517,0.9978,36.6949,0.1571,0.4242,3.2831
0.0506,0.9975,36.2127,0.1809,0.5906,10.5541
0.0572,0.9966,33.7691,0.1676,0.4881,12.6862
0.0517,0.9931,30.7530,0.1696,0.4946,22.1720
0.0501,0.9980,27.2462,0.1659,0.4521,46.5481
0.0522,0.9971,31.1038,0.1868,0.5232,1.2148
0.0458,0.9958,26.9053,0.1820,0.4986,27.1913
0.0490,0.9954,29.0967,0.1848,0.5523,8.2753
0.0543,0.9971,33.1596,0.1877,0.5599,55.0400
0.0477,0.9974,33.8352,0.1769,0.5672,14.7898
0.0480,0.9992,33.4520,0.1808,0.5923,29.4536
0.0583,0.9971,34.5373,0.2000,0.4891,18.2420
0.0482,0.9959,34.2710,0.1383,0.5310,13.9240
0.0407,0.9963,30.8334,0.1610,0.5643,46.3901
0.0533,0.9972,37.3292,0.1792,0.3986,2.6379
0.0552,0.9926,39.5518,0.1671,0.6439,11.8911
0.0466,0.9967,35.3650,0.1878,0.5290,12.3963
0.0613,0.9959,31.0345,0.1521,0.4739,51.1414
0.0453,0.9976,34.7964,0.1519,0.5006,13.8398
0.0407,0.9986,34.3927,0.1931,0.5307,19.1874
0.0436,0.9976,24.1812,0.1863,0.5156,29.4924
0.0551,0.9962,32.5357,0.1537,0.4287,51.6424
0.0444,0.9975,34.4138,0.1657,0.5577,6.9605
0.0445,0.9977,36.2787,0.1977,0.4291,20.8048
0.0540,0.9975,32.5581,0.1773,0.3172,0.5682
0.0514,0.9973,32.4946,0.2153,0.4012,0.7505
0.0469,0.9988,28.3693,0.1777,0.3497,12.5566
0.0480,0.9986,38.8305,0.1596,0.5701,36.9923
0.0553,0.9972,33.4721,0.1785,0.4395,11.8895
0.0592,0.9964,31.1590,0.1714,0.4504,17.8609
0.0487,0.9959,26.4306,0.1403,0.4664,27.4986
0.0560,0.9969,30.8610,0.1663,0.5126,43.4556
0.0525,0.9958,34.2672,0.1403,0.5790,24.5152
0.0542,0.9973,28.2789,0.1708,0.3919,30.9739
0.0487,0.9956,31.7127,0.1411,0.4547,43.8563
0.0446,0.9967,32.1725,0.1590,0.7000,8.1630
0.0521,0.9976,34.1153,0.1846,0.4247,7.9161
0.0619,0.9968,30.1684,0.2035,0.3999,4.7921
0.0472,0.9965,36.2443,0.1554,0.6359,28.0752
0.0486,0.9971,25.9693,0.1792,0.4244,59.3464
0.0557,0.9964,28.3607,0.1773,0.4227,51.8228
0.0361,0.9980,31.3811,0.1746,0.5264,12.2893
0.0422,0.9984,33.9654,0.1738,0.5789,37.3213
0.0475,0.9977,29.0698,0.1463,0.4853,56.8716
0.0452,0.9977,36.1133,0.1564,0.6755,9.5348
0.0434,0.9984,25.3648,0.2107,0.5043,13.7495
0.0356,0.9956,35.7772,0.1494,0.7263,17.3363
0.0510,0.9967,25.3800,0.1912,0.4189,28.0262
0.0417,0.9951,37.4168,0.1559,0.5362,18.8026
0.0482,0.9952,42.4108,0.2037,0.5218,34.5378
0.0445,0.9992,34.6728,0.1811,0.4588,12.2290
0.0396,0.9987,32.4874,0.1855,0.5055,6.0900
0.0614,0.9948,36.1927,0.1728,0.4103,11.0794
0.0406,0.9956,37.3242,0.1746,0.5210,14.6269
0.0478,0.9967,31.4731,0.1449,0.6014,10.2014
0.0426,0.9987,31.3046,0.1890,0.3166,11.1387
0.0509,0.9982,29.4501,0.1706,0.3612,2.1233
0.0583,0.9951,31.7600,0.1667,0.2356,36.6955
0.0444,0.9990,27.9533,0.2105,0.4229,12.8690
0.0467,0.9955,36.6879,0.1709,0.4240,21.3496
0.0406,0.9971,37.7669,0.1572,0.5937,10.1198
0.0437,0.9971,42.3014,0.2061,0.5900,49.3798
0.0602,0.9970,33.9117,0.1610,0.3640,13.0553
0.0509,0.9966,33.1179,0.1643,0.5625,10.6913
0.0548,0.9965,31.7842,0.1793,0.4655,22.6090
0.0475,0.9974,25.4198,0.1730,0.4730,39.0297
0.0429,0.9965,27.7324,0.1910,0.4726,7.2039
0.0560,0.9964,40.5182,0.1848,0.4866,10.8122
0.0580,0.9960,32.7378,0.1934,0.4238,17.1628
0.0422,0.9966,35.0203,0.1528,0.5757,10.9960
0.0450,0.9962,35.8764,0.1898,0.5375,27.0325
0.0507,0.9989,25.4391,0.1789,0.3409,6.2484
0.0417,0.9959,32.6432,0.1823,0.4825,0.2257
0.0525,0.9969,35.1547,0.1894,0.4514,18.5383
0.0464,0.9948,28.2824,0.1672,0.5018,23.1453
0.0523,0.9956,36.5403,0.1749,0.4071,8.6719
0.0579,0.9973,28.0191,0.1674,0.2857,55.4487
0.0532,0.9957,42.4347,0.1876,0.5077,36.6368
0.0533,0.9934,40.7114,0.1724,0.6170,35.2227
0.0480,0.9940,37.5877,0.2264,0.4770,1.4038
0.0459,0.9969,38.2699,0.1697,0.5417,5.4806
0.0558,0.9993,34.2912,0.1680,0.5458,12.6086
0.0431,0.9975,39.3707,0.1965,0.3734,34.3805
0.0406,0.9981,32.0739,0.1881,0.5023,31.7263
0.0627,0.9961,32.7366,0.1434,0.3395,15.2500
0.0505,0.9970,26.7825,0.2102,0.5383,22.8371
0.0632,0.9965,32.5171,0.1544,0.3737,51.5949
0.0533,0.9952,28.2436,0.1178,0.6059,10.8749
0.0525,0.9973,28.8201,0.1949,0.5362,12.7581
0.0539,0.9977,36.5072,0.1514,0.5421,50.3971
0.0512,0.9960,33.3569,0.2044,0.3722,15.0077
0.0453,0.9973,33.9976,0.1503,0.5469,4.8193
0.0590,0.9962,36.9835,0.1974,0.4200,7.6691
0.0542,0.9941,34.8024,0.1794,0.2969,44.2848
0.0481,0.9973,33.9949,0.1765,0.5537,8.7401
0.0436,0.9971,29.2644,0.1902,0.4980,13.8882
0.0652,0.9968,28.0237,0.1534,0.3621,5.9806
0.0563,0.9977,29.0418,0.1930,0.3722,31.3298
0.0544,0.9976,30.0766,0.1734,0.5409,5.2263
0.0652,0.9934,33.5776,0.1181,0.5829,6.6657
0.0426,0.9974,30.7939,0.2416,0.5752,15.0255
0.0558,0.9953,32.3592,0.1527,0.5367,41.3334
0.0456,0.9980,34.9827,0.2153,0.5761,13.0230
0.0512,0.9954,27.8382,0.1738,0.4389,21.1850
0.0444,0.9988,26.4879,0.1873,0.4798,26.3058
0.0408,0.9969,29.5651,0.1816,0.4658,17.0367
0.0547,0.9965,34.9707,0.1732,0.4733,20.6882
0.0598,0.9972,37.2371,0.1990,0.5370,16.9530
0.0546,0.9964,28.8265,0.1564,0.4941,49.0625
0.0500,0.9973,34.4784,0.1810,0.4435,0.5189
0.0542,0.9967,31.5896,0.1588,0.3403,24.4916
0.0380,0.9975,32.3654,0.2166,0.5011,34.8309
0.0465,0.9956,30.2491,0.1955,0.3259,17.9761
0.0401,0.9949,35.6824,0.1661,0.4749,32.8417
0.0500,0.9957,31.7289,0.2241,0.4387,7.7974
0.0612,0.9943,33.2847,0.1959,0.4604,32.2183
0.0471,0.9970,28.9267,0.1537,0.6291,20.1971
0.0479,0.9982,32.6719,0.2205,0.3998,29.6150
0.0456,0.9964,34.6636,0.2262,0.4967,30.6046
0.0725,0.9953,28.8473,0.1699,0.4200,12.9903
0.0561,0.9969,33.4448,0.2164,0.4067,27.5989
0.0480,0.9969,35.5831,0.1704,0.6300,16.1856
0.0514,0.9958,29.2674,0.1589,0.4281,0.2879
0.0566,0.9974,29.9104,0.1598,0.4761,14.1903
0.0457,0.9967,28.0568,0.1871,0.5352,22.5980
0.0448,0.9954,30.5234,0.2040,0.5463,23.2565
0.0597,0.9987,27.4649,0.1807,0.3951,51.9462
0.0484,0.9961,25.9051,0.1886,0.4882,26.4292
0.0541,0.9979,34.5114,0.1716,0.5102,55.6717
0.0489,0.9970,23.8264,0.1826,0.4291,51.1958
0.0469,0.9969,26.7745,0.2057,0.4678,16.2644
0.0476,0.9972,30.7079,0.1289,0.5645,18.3718
0.0466,0.9976,35.5912,0.1812,0.5118,13.0012
0.0593,0.9946,29.1829,0.1720,0.3469,37.1123
0.0595,0.9962,35.4757,0.1722,0.4829,11.0025
0.0506,0.9966,30.3569,0.1488,0.5720,14.0969
0.0571,0.9974,37.5488,0.1738,0.5143,20.3551
0.0459,0.9966,30.2533,0.1482,0.5350,11.8693
0.0493,0.9994,29.0333,0.1581,0.6240,4.9758
0.0392,0.9956,30.8145,0.1849,0.6467,8.7667
0.0468,0.9949,40.8003,0.1698,0.5209,28.2765
0.0575,0.9934,33.4008,0.1951,0.3633,21.3680
0.0400,0.9945,32.7762,0.1791,0.4668,16.1157
0.0435,0.9969,36.9321,0.2240,0.5469,11.8611
0.0583,0.9977,25.3101,0.1993,0.5640,41.4154
0.0576,0.9974,31.7333,0.2092,0.4202,45.5469
0.0451,0.9947,31.8888,0.1251,0.5837,29.1749
0.0545,0.9942,37.0798,0.1399,0.5344,21.3358
0.0440,0.9963,31.4433,0.1708,0.6299,10.3726
0.0532,0.9976,27.7458,0.1788,0.4472,22.9617
0.0552,0.9968,28.7675,0.1305,0.6368,11.0501
0.0430,0.9959,28.4516,0.1532,0.4532,51.2672
0.0581,0.9968,29.5828,0.1229,0.3095,45.8009
0.0600,0.9971,31.8370,0.2040,0.4370,13.9486
0.0449,0.9957,31.7363,0.1574,0.5109,42.0002
0.0449,0.9945,34.4632,0.1829,0.4721,56.8583
0.0507,0.9990,30.0321,0.1840,0.3489,12.9863
0.0511,0.9979,35.0961,0.1495,0.5541,8.8107
0.0447,0.9974,36.0776,0.1881,0.5529,21.2514
0.0522,0.9927,29.3360,0.1573,0.4047,21.4422
0.0450,0.9972,30.4087,0.1421,0.5596,29.5047
0.0490,0.9985,28.8638,0.1825,0.5941,22.0406
0.0451,0.9950,33.4783,0.1865,0.5750,13.1120
0.0578,0.9941,35.8599,0.1590,0.3736,58.4291
0.0577,0.9969,35.0483,0.2206,0.4389,22.8990
0.0457,0.9961,32.6921,0.1684,0.5352,19.5102
0.0663,0.9931,34.3959,0.1586,0.4044,15.4603
0.0673,0.9961,32.2911,0.1785,0.4073,51.6033
0.0497,0.9962,31.1435,0.1832,0.4588,10.8153
0.0495,0.9974,33.2140,0.2040,0.5244,7.9759
0.0559,0.9980,27.4378,0.1352,0.3632,26.6548
0.0480,0.9970,29.1878,0.1475,0.4546,19.6420
0.0469,0.9962,35.2986,0.1720,0.5108,56.3382
