0.0712,0.9931,52.8480,0.1023,0.9825,9.4553
0.1053,0.9947,20.6336,0.1209,0.9709,58.9011
0.1408,0.9941,35.7019,0.2452,0.9838,15.0784
0.1238,0.9918,33.2659,0.1809,0.9808,12.1106
0.1497,0.9940,29.6206,0.1962,0.7601,2.5509
0.1897,0.9909,24.8638,0.2102,0.5458,18.6375
0.1383,0.9959,20.7758,0.2254,0.9683,4.5820
0.1119,0.9950,16.5529,0.1256,0.9820,51.5441
0.1965,0.9897,43.3478,0.2459,0.9857,9.4329
0.1285,0.9928,29.2690,0.2826,0.9710,13.1753
0.1649,0.9897,27.9606,0.1721,0.3055,30.8115
0.1862,0.9951,14.7380,0.2281,0.9788,36.1051
0.1780,0.9933,24.5110,0.2222,0.9870,14.6572
0.1246,0.9940,48.7762,0.2998,0.9858,12.9940
0.1678,0.9913,31.4827,0.2367,0.9617,13.4433
0.1480,0.9942,24.5081,0.1494,0.9545,23.0589
0.1482,0.9945,20.6370,0.1864,0.6056,10.6550
0.0950,0.9923,37.9594,0.2677,0.9852,2.6982
0.0952,0.9944,12.7278,0.1141,0.9846,58.1031
0.1307,0.9929,57.6545,0.3835,0.9594,9.9756
0.1767,0.9933,30.5581,0.2109,0.9858,15.8472
0.0374,0.9956,33.1564,0.3199,0.9883,15.4804
0.0873,0.9947,50.1035,0.2231,0.9741,4.2240
0.2319,0.9921,22.0271,0.2599,0.8892,0.0325
0.1849,0.9922,42.9430,0.2565,0.9835,8.9132
0.0690,0.9959,14.8542,0.1566,0.9903,45.0126
0.0589,0.9955,32.5164,0.1891,0.9815,7.3173
0.1762,0.9943,22.1251,0.2323,0.9508,3.4677
0.1542,0.9944,25.1189,0.1614,0.6858,55.9079
0.1719,0.9899,32.3882,0.3482,0.8644,1.4237
0.1351,0.9896,58.5559,0.2439,0.9837,3.7112
0.1162,0.9925,35.2745,0.2553,0.9725,2.2578
0.1201,0.9941,25.9670,0.1418,0.9846,14.3291
0.1373,0.9950,18.9940,0.1923,0.9634,51.8329
0.0648,0.9960,15.6431,0.1446,0.9692,54.4079
0.1871,0.9875,47.3962,0.2951,0.9839,6.2377
0.0718,0.9961,35.8402,0.2821,0.9830,14.8111
0.2099,0.9880,16.8902,0.2657,0.9873,26.9855
0.0896,0.9939,56.1110,0.4940,0.9874,9.4047
0.1899,0.9929,33.6339,0.1901,0.6507,7.4218
0.1926,0.9903,35.9131,0.2292,0.2357,13.6102
0.1290,0.9915,30.0967,0.1866,0.7917,9.8387
0.1772,0.9948,20.9317,0.1870,0.9477,9.3171
0.1620,0.9940,24.5611,0.2062,0.7257,7.7113
0.1829,0.9901,35.4426,0.2949,0.9827,7.4408
0.0765,0.9929,55.1853,0.3807,0.9866,13.2213
0.2279,0.9922,23.0187,0.2918,0.9588,11.5533
0.1656,0.9951,22.9560,0.2035,0.7066,3.7615
0.0508,0.9964,3.3598,0.2025,0.9786,43.8596
0.1142,0.9913,11.1014,0.2843,0.9854,54.1453
0.2330,0.9903,12.5392,0.2839,0.9849,57.3341
0.0214,0.9991,42.3390,0.2599,0.9735,2.5093
0.1452,0.9927,26.3255,0.1591,0.6098,4.6204
0.1076,0.9953,43.8035,0.3771,0.9848,11.1008
0.1744,0.9898,46.8321,0.1962,0.9884,13.7140
0.2077,0.9870,36.9516,0.2203,0.3363,6.8732
0.1635,0.9895,37.0901,0.1864,0.2872,6.5341
0.1023,0.9939,29.6819,0.1752,0.4719,55.9031
0.2388,0.9916,24.5070,0.2419,0.3071,3.3320
0.1157,0.9931,6.5774,0.1556,0.9922,28.3048
0.1411,0.9855,59.3676,0.2165,0.9845,17.0297
0.1518,0.9934,23.6104,0.1572,0.5403,41.6258
0.1397,0.9918,58.9848,0.2772,0.9906,9.2245
0.1403,0.9925,31.3718,0.2774,0.5755,1.4181
0.0975,0.9945,30.1740,0.1355,0.9724,6.9800
0.0967,0.9930,49.8607,0.3878,0.9719,5.5124
0.2056,0.9946,25.6365,0.2521,0.9835,14.7397
0.1497,0.9943,27.0061,0.1520,0.5079,51.6904
0.2179,0.9927,20.8949,0.2690,0.5015,5.0835
0.1713,0.9917,38.5709,0.2570,0.9896,4.4811
0.1459,0.9930,43.7783,0.5273,0.9772,7.3114
0.1181,0.9950,20.0903,0.1743,0.9548,8.1944
0.0952,0.9895,53.0140,0.1664,0.9887,18.1851
0.1870,0.9951,23.4454,0.2658,0.9794,47.4431
0.1044,0.9938,31.3014,0.1292,0.9881,13.0424
0.1192,0.9962,24.9479,0.1622,0.9422,37.2880
0.1186,0.9928,29.7568,0.1797,0.9021,7.2550
0.2173,0.9942,22.6983,0.2697,0.7251,12.9325
0.2018,0.9890,53.7757,0.2865,0.9867,6.0588
0.1457,0.9941,32.9623,0.3206,0.9890,1.4675
0.0927,0.9953,4.9249,0.1559,0.9917,39.2042
0.1120,0.9943,37.1335,0.1636,0.9856,2.1116
0.1654,0.9928,25.4477,0.1728,0.9836,21.1681
0.1756,0.9925,27.2748,0.2023,0.4414,0.3864
0.1437,0.9907,42.5019,0.3000,0.9899,18.0854
0.1943,0.9914,16.0511,0.2073,0.9878,41.9811
0.1867,0.9927,25.2266,0.2675,0.6470,1.8945
0.1296,0.9919,59.4407,0.3313,0.9880,7.6507
0.1844,0.9914,28.4055,0.2457,0.9755,10.5165
0.0664,0.9963,17.6185,0.2414,0.9934,14.6924
0.1067,0.9933,43.5993,0.1653,0.9837,3.1893
0.1909,0.9933,37.1402,0.2231,0.9887,2.2206
0.0961,0.9944,50.8491,0.1850,0.9876,9.0491
0.2378,0.9923,21.5074,0.2740,0.9056,4.0878
0.1405,0.9959,28.3216,0.1937,0.9884,2.9946
0.0725,0.9951,17.3323,0.1580,0.9716,56.5644
0.2164,0.9919,24.8244,0.2461,0.6722,3.5931
0.2088,0.9923,43.7380,0.2776,0.9887,7.6654
0.1850,0.9912,21.7601,0.2177,0.4166,2.3159
0.1500,0.9905,31.5689,0.2662,0.9870,5.0214
0.1484,0.9906,29.7703,0.1672,0.9217,15.3364
0.1689,0.9882,58.0379,0.2535,0.9850,3.0549
0.1488,0.9929,23.0330,0.1771,0.2529,57.0477
0.0964,0.9957,46.3534,0.3595,0.9844,3.7619
0.1269,0.9925,34.1079,0.1802,0.9545,9.2348
0.1759,0.9951,27.0835,0.2059,0.9923,10.9107
0.2264,0.9891,37.2889,0.2559,0.3816,1.2807
0.1465,0.9930,28.4399,0.1588,0.1118,10.9604
0.1880,0.9893,36.2437,0.1962,0.4947,10.9685
0.1206,0.9945,30.6300,0.2842,0.9891,14.6279
0.0971,0.9946,36.8658,0.1192,0.9930,6.1304
0.1649,0.9913,26.5832,0.1908,0.6291,5.6702
0.1607,0.9923,31.0672,0.1705,0.5475,3.6428
0.1183,0.9925,35.0375,0.1732,0.7081,20.4233
0.1123,0.9937,42.9323,0.2128,0.9906,3.8842
0.1499,0.9929,26.5316,0.2469,0.9717,0.3552
0.0878,0.9937,48.5070,0.1863,0.9856,10.1050
0.2651,0.9919,36.0976,0.3254,0.9881,1.2327
0.1292,0.9917,43.8899,0.2729,0.7626,7.5130
0.1961,0.9938,23.1304,0.2037,0.5806,8.5940
0.1430,0.9917,27.2676,0.1939,0.8130,9.1900
0.1673,0.9944,23.6272,0.2296,0.9733,13.5192
0.0920,0.9951,41.5517,0.2805,0.9696,7.1420
0.2396,0.9923,25.7189,0.2718,0.3754,5.1928
0.0997,0.9961,26.3048,0.3154,0.9829,2.7503
0.1351,0.9895,30.5221,0.2984,0.9817,12.2695
0.1441,0.9913,40.7398,0.2488,0.9474,11.1275
0.1676,0.9950,20.7579,0.2748,0.9629,5.0266
0.1900,0.9883,32.9362,0.2332,0.4417,6.3230
0.2657,0.9874,52.8060,0.2837,0.9830,0.9688
0.1331,0.9969,23.3000,0.2423,0.9613,51.9707
0.1289,0.9923,33.8229,0.1427,0.9895,3.0524
0.2438,0.9917,15.1797,0.2786,0.9845,55.7201
0.1759,0.9942,21.9286,0.2711,0.9189,3.5967
0.0849,0.9911,54.6095,0.0923,0.9860,6.9170
0.1642,0.9913,26.6255,0.2145,0.5717,3.7663
0.1037,0.9951,16.3898,0.1423,0.9870,44.4590
0.0857,0.9962,39.6001,0.4248,0.9902,14.4465
0.3002,0.9928,22.0253,0.3434,0.9818,5.2746
0.1115,0.9957,18.6768,0.1674,0.9693,45.9850
0.1341,0.9936,27.0128,0.1363,0.9328,18.7921
0.1852,0.9911,23.5088,0.1869,0.4518,2.2890
0.1303,0.9931,16.2874,0.1361,0.9818,58.9297
0.1987,0.9922,34.6618,0.3008,0.9902,9.2997
0.1921,0.9909,14.6729,0.2283,0.9810,41.9759
0.1686,0.9942,23.1717,0.2635,0.9270,13.2005
0.0882,0.9881,41.9318,0.1244,0.9831,8.2623
0.1510,0.9912,27.7955,0.2197,0.9847,4.6903
0.1954,0.9908,22.4895,0.2058,0.3575,15.6299
0.1346,0.9891,43.5339,0.2593,0.9814,0.8554
0.1194,0.9946,26.1249,0.2178,0.9668,18.2713
0.1336,0.9896,49.8633,0.1644,0.9885,9.2459
0.1651,0.9944,44.9157,0.3742,0.9886,8.0289
0.1018,0.9971,18.1694,0.1425,0.9907,55.7256
0.1586,0.9930,31.2731,0.2264,0.3752,9.3595
0.1328,0.9948,19.9971,0.1480,0.9732,42.3833
0.1434,0.9907,52.3353,0.1699,0.9698,2.3692
0.1160,0.9924,39.7644,0.1193,0.9860,18.3332
0.0961,0.9922,58.3733,0.1570,0.9846,12.4175
0.1911,0.9923,48.3264,0.2007,0.9874,0.1832
0.1688,0.9927,17.3875,0.2741,0.9286,3.8358
0.1591,0.9930,36.5793,0.1705,0.9787,3.0986
0.1823,0.9922,29.7251,0.1852,0.9871,9.2882
0.1753,0.9929,29.9921,0.2322,0.9614,12.3037
0.1990,0.9921,23.6251,0.2167,0.9492,3.9171
0.1289,0.9927,56.0477,0.3663,0.9827,2.5748
0.1581,0.9938,11.9898,0.2775,0.9835,29.5350
0.1720,0.9914,24.1412,0.1724,0.6472,12.8466
0.1162,0.9934,35.7866,0.1397,0.9831,10.2015
0.1750,0.9898,12.1781,0.2519,0.9815,43.4825
0.1476,0.9934,41.2728,0.2004,0.9902,9.2224
0.0104,0.9997,15.3499,0.1972,0.9776,59.8121
0.1286,0.9906,58.1100,0.3208,0.9853,1.0334
0.1621,0.9951,18.9503,0.1842,0.9350,59.0695
0.1194,0.9895,52.8062,0.3142,0.9866,4.7902
0.1878,0.9901,31.2934,0.1985,0.9589,11.4229
0.1650,0.9891,30.8437,0.1984,0.9709,5.8648
0.1038,0.9926,35.0184,0.2109,0.9766,7.5417
0.1105,0.9936,40.8747,0.4665,0.9463,4.0803
0.1337,0.9913,38.9855,0.2089,0.9902,21.8428
0.1436,0.9921,25.8116,0.1861,0.7460,5.6342
0.1244,0.9935,34.8620,0.1368,0.9125,4.0016
0.1704,0.9931,25.7660,0.2043,0.9763,8.4495
0.1174,0.9955,35.5085,0.2827,0.9872,4.4395
0.1532,0.9923,18.9171,0.1537,0.9870,15.3234
0.0707,0.9891,27.8559,0.2207,0.9872,24.6512
0.1040,0.9957,29.5043,0.1869,0.9720,19.9921
0.1402,0.9952,32.7323,0.2163,0.9750,9.2114
0.0536,0.9958,55.7832,0.3903,0.9790,13.3763
0.2005,0.9944,14.3429,0.3128,0.9764,57.7041
0.1292,0.9942,18.9044,0.1314,0.8524,41.3994
0.0359,0.9959,11.9065,0.2160,0.9819,44.4380
0.1256,0.9937,48.5312,0.4583,0.9735,9.2155
0.1394,0.9945,25.0468,0.3395,0.9642,15.0884
0.1025,0.9925,59.7435,0.3288,0.9849,5.9508
0.0996,0.9953,21.2958,0.1105,0.9705,50.5574
0.0983,0.9934,40.8808,0.1547,0.9693,1.8409
0.2514,0.9890,27.9881,0.2850,0.5692,2.6506
0.1549,0.9905,30.5039,0.1816,0.4019,11.6242
0.2220,0.9906,21.7550,0.2366,0.8946,6.5327
0.1600,0.9945,19.9830,0.1935,0.4829,50.9134
0.1529,0.9931,25.7209,0.2111,0.9088,4.7270
0.0917,0.9931,37.1320,0.1053,0.9888,1.6775
0.0202,0.9979,50.1448,0.1940,0.9857,8.4257
0.0890,0.9962,20.7593,0.2579,0.9852,2.7872
0.1616,0.9940,29.0214,0.3916,0.9587,0.0316
0.1030,0.9912,57.0826,0.4046,0.9899,17.6641
0.0967,0.9918,42.9541,0.1432,0.9831,12.4976
0.1127,0.9895,9.3377,0.1865,0.9870,54.5595
0.1682,0.9920,27.1582,0.1761,0.5978,9.2841
0.1477,0.9928,18.5160,0.1866,0.9727,46.5827
0.1731,0.9918,29.9304,0.2815,0.9847,6.9969
0.2117,0.9958,20.9026,0.2508,0.9416,22.0630
0.0792,0.9937,6.3738,0.2363,0.9891,55.9995
0.1553,0.9928,36.7639,0.3337,0.9883,16.3362
0.1681,0.9923,30.6435,0.2754,0.9450,3.0587
0.1102,0.9958,30.1348,0.2999,0.9873,10.9206
0.1887,0.9944,49.9910,0.3245,0.9866,3.6866
0.1670,0.9923,47.1211,0.3093,0.9791,16.2758
0.1305,0.9926,16.3632,0.1706,0.9805,57.6365
0.1454,0.9897,41.4415,0.2995,0.9879,2.1912
0.1000,0.9927,41.1382,0.2037,0.9831,13.0529
0.0668,0.9946,49.0740,0.3095,0.9809,11.7804
0.1153,0.9897,56.6963,0.3132,0.9863,8.2961
0.1308,0.9928,37.3750,0.2270,0.9911,3.4237
0.1363,0.9880,55.6243,0.2894,0.9860,7.5403
0.1872,0.9942,34.5052,0.2180,0.9798,6.6415
0.1629,0.9938,24.0990,0.2216,0.2706,14.8285
0.1363,0.9941,32.2292,0.2335,0.9536,5.1138
0.1064,0.9946,9.6828,0.1522,0.9901,38.9047
0.1862,0.9908,25.3423,0.1911,0.6466,6.6197
0.0857,0.9952,29.3551,0.1491,0.9613,2.3993
0.0499,0.9924,45.1615,0.3264,0.9900,18.6252
0.1556,0.9938,51.7155,0.1695,0.9897,13.7439
0.1603,0.9926,51.2106,0.2120,0.9892,11.7609
0.0799,0.9920,32.4836,0.2946,0.9916,13.7203
0.0971,0.9953,18.3328,0.1274,0.9892,45.6680
0.0982,0.9935,43.2992,0.2039,0.9761,2.7315
0.1266,0.9913,14.2074,0.1395,0.9860,50.4239
0.0945,0.9950,23.0792,0.1645,0.9553,15.6106
0.2364,0.9932,22.6848,0.2433,0.2107,12.3951
0.0617,0.9923,59.1199,0.2556,0.9854,15.7217
0.1227,0.9965,19.1851,0.1244,0.9876,15.7927
0.1854,0.9920,25.8975,0.1929,0.7189,12.7550
0.1628,0.9911,27.7458,0.2702,0.9396,12.5368
0.1188,0.9943,23.8532,0.1963,0.9555,13.7490
0.0793,0.9938,50.6954,0.3638,0.9848,18.6751
0.1724,0.9895,35.8760,0.2148,0.9844,14.4815
0.1730,0.9920,54.7935,0.1836,0.9872,11.2703
0.1208,0.9941,56.7930,0.3792,0.9860,8.3020
0.1894,0.9916,27.7352,0.2798,0.9647,3.4952
0.1932,0.9875,17.5736,0.2889,0.9850,23.7258
0.1227,0.9925,32.5875,0.1551,0.9231,6.6789
0.0739,0.9938,44.6217,0.2339,0.9836,10.8031
0.0795,0.9957,33.8917,0.3739,0.9774,13.4567
0.1341,0.9927,34.3833,0.2477,0.9716,2.6517
0.0645,0.9945,18.6897,0.1692,0.9839,32.1039
0.0376,0.9970,17.5991,0.1091,0.9846,57.5413
0.2147,0.9903,25.7637,0.2243,0.2636,0.2538
0.1077,0.9949,36.5781,0.2376,0.9580,3.7583
0.2240,0.9902,22.6937,0.2952,0.2793,7.8084
0.1408,0.9924,24.3157,0.1993,0.4368,7.5270
0.1165,0.9950,30.1689,0.1301,0.8861,16.1822
0.0753,0.9949,8.8669,0.1929,0.9898,28.8227
0.1785,0.9929,36.1619,0.1789,0.9814,2.6379
0.0694,0.9954,23.3816,0.2930,0.9248,4.6624
0.2205,0.9922,21.6239,0.2237,0.5963,8.5641
0.1876,0.9901,23.3881,0.1898,0.5740,9.1874
0.1534,0.9933,49.0629,0.2511,0.9835,12.2596
0.0906,0.9923,50.3064,0.1786,0.9705,5.3845
0.1858,0.9912,24.3322,0.1960,0.6912,3.5492
0.1091,0.9941,39.2149,0.2734,0.9808,7.6666
0.1750,0.9924,4.0315,0.2077,0.9896,57.2834
0.0651,0.9937,47.7342,0.2895,0.9776,9.7865
0.0566,0.9929,8.4027,0.1945,0.9858,52.0150
0.1517,0.9937,32.4921,0.2537,0.9691,1.2152
0.1445,0.9942,36.3089,0.1898,0.9724,10.2404
0.1489,0.9933,33.9958,0.2123,0.9875,8.1842
0.1746,0.9938,21.9030,0.2118,0.8662,4.8456
0.1323,0.9942,21.6473,0.1620,0.2649,50.2673
0.1316,0.9911,52.7673,0.2549,0.9817,11.1969
0.1244,0.9940,22.8381,0.1530,0.9439,0.4766
0.1930,0.9937,26.8914,0.2600,0.4048,2.1181
0.1440,0.9931,47.4604,0.2607,0.9877,4.4859
0.1152,0.9910,37.0951,0.2087,0.9835,4.2055
0.0996,0.9938,35.4064,0.1908,0.9768,1.8265
0.2428,0.9910,26.9364,0.2511,0.3716,8.4585
0.1583,0.9875,52.6329,0.3452,0.9797,5.6201
0.1267,0.9899,50.2468,0.2495,0.9073,5.3908
0.1640,0.9920,34.8199,0.1861,0.0660,7.6709
0.1869,0.9927,38.3537,0.2056,0.9915,13.8035
0.0930,0.9945,37.2756,0.1696,0.9837,12.7979
0.0358,0.9943,49.3188,0.1667,0.9854,17.6245
0.1120,0.9969,16.1266,0.1512,0.9818,58.9305
0.1330,0.9926,47.4333,0.1850,0.9624,1.8453
0.0730,0.9933,38.7259,0.1585,0.9900,0.5293
0.0464,0.9968,57.6342,0.2744,0.9867,22.0661
0.1356,0.9959,18.7829,0.2061,0.9859,58.8848
0.1227,0.9939,24.6178,0.1621,0.6061,59.5683
0.1288,0.9905,38.7523,0.1375,0.9192,13.3537
0.1234,0.9909,40.3423,0.2246,0.9869,21.4161
0.0627,0.9921,48.9927,0.2206,0.9850,12.1479
0.0430,0.9970,29.3851,0.1439,0.9713,53.1925
0.0866,0.9956,33.2682,0.2325,0.9949,18.2979
0.1285,0.9934,34.3843,0.2142,0.9762,9.5569
0.1930,0.9950,23.3495,0.2012,0.9619,7.9770
0.1412,0.9948,29.6105,0.2651,0.9809,13.8969
0.1587,0.9904,57.6220,0.2254,0.9841,15.2538
0.1182,0.9928,21.6465,0.1681,0.9784,34.9565
0.1724,0.9908,27.5248,0.2077,0.5540,4.2542
0.1230,0.9915,22.9012,0.1251,0.9873,26.7268
0.1406,0.9931,24.3987,0.2595,0.9653,17.9821
0.0976,0.9935,57.8588,0.3428,0.9789,0.8646
0.1565,0.9899,40.1082,0.1603,0.7840,9.9065
0.1335,0.9943,24.8535,0.1494,0.9558,4.1190
0.1321,0.9942,32.6367,0.2930,0.9723,13.9604
0.0579,0.9967,38.8073,0.3416,0.9865,19.3088
0.1163,0.9935,48.2737,0.1437,0.9853,13.7885
0.1369,0.9944,23.2591,0.1721,0.7235,12.3675
0.1225,0.9922,38.3573,0.2218,0.9913,13.3384
0.1363,0.9915,21.7879,0.1705,0.8576,21.5596
0.1457,0.9908,38.2010,0.2437,0.8839,7.1438
0.1374,0.9937,33.0643,0.1993,0.9808,4.4597
0.0812,0.9953,29.7623,0.3232,0.9829,14.3939
0.2376,0.9876,55.7635,0.3200,0.9763,6.0409
0.0963,0.9966,9.2478,0.1772,0.9824,58.3322
0.1397,0.9927,32.2179,0.1704,0.9416,5.7047
0.1605,0.9943,22.4895,0.1608,0.1902,33.8363
0.1048,0.9953,35.5425,0.2627,0.9865,13.6387
0.0693,0.9959,0.9980,0.1704,0.9887,48.8020
0.0850,0.9911,38.0016,0.1519,0.9688,3.1304
0.1685,0.9910,27.8186,0.2155,0.2053,4.5431
0.0570,0.9934,38.0066,0.3165,0.9853,19.5841
0.2222,0.9887,10.6703,0.2787,0.9862,40.9015
0.1322,0.9924,32.8247,0.1913,0.9751,1.8372
0.1187,0.9930,21.8759,0.1912,0.8632,7.9348
0.1455,0.9926,24.5479,0.2060,0.7923,11.5101
0.2573,0.9898,22.5486,0.2869,0.2938,6.8641
0.1896,0.9922,59.8308,0.3896,0.9887,12.9469
0.1368,0.9936,29.4224,0.1544,0.3661,4.2289
0.1457,0.9939,27.8366,0.1757,0.9587,14.7500
0.1752,0.9927,35.0089,0.3305,0.9770,8.7100
0.2224,0.9877,33.2500,0.2855,0.2623,6.6237
0.0961,0.9960,34.2230,0.3242,0.9807,1.8897
0.1762,0.9930,20.7361,0.2428,0.7784,13.9595
0.0996,0.9947,42.8544,0.1896,0.9793,0.9312
0.0904,0.9939,39.5602,0.1673,0.9916,8.9289
0.0275,0.9975,5.1433,0.1529,0.9873,53.6650
0.1235,0.9934,57.5240,0.2593,0.9905,2.0309
0.1282,0.9948,29.1347,0.1896,0.7163,12.6385
0.1662,0.9915,26.2886,0.1761,0.5555,7.1914
0.0415,0.9958,2.4622,0.1252,0.9885,40.8942
0.1207,0.9954,26.6214,0.2627,0.9694,17.2380
0.1345,0.9935,26.2175,0.1359,0.8997,20.8363
0.1653,0.9937,29.7349,0.2229,0.9844,10.1865
0.1266,0.9933,13.6523,0.2138,0.9910,28.6052
0.1161,0.9931,31.6656,0.2082,0.4006,14.3318
0.0574,0.9957,43.6072,0.3402,0.9878,12.0750
0.1705,0.9925,32.1834,0.1772,0.5998,4.1822
0.1041,0.9919,25.0497,0.1759,0.9874,14.6098
0.0384,0.9948,58.8309,0.1662,0.9902,2.0201
0.1444,0.9938,14.8381,0.1804,0.9901,30.9938
0.1449,0.9901,41.1746,0.2507,0.9857,13.1128
0.1342,0.9950,21.5118,0.2037,0.2502,7.9909
0.0745,0.9968,8.3002,0.2518,0.9901,56.7229
0.1656,0.9948,23.4192,0.2664,0.9315,23.1829
0.0973,0.9912,43.6970,0.1785,0.9815,22.2863
0.1020,0.9906,42.9159,0.2785,0.9761,16.7629
0.1340,0.9959,14.9305,0.2062,0.9377,25.2059
0.1480,0.9890,48.5662,0.1967,0.9743,11.6987
0.0957,0.9912,57.0159,0.2064,0.9812,12.0366
0.2167,0.9909,23.9292,0.2907,0.7137,11.4438
0.0621,0.9985,16.9224,0.1962,0.9885,35.4989
0.1442,0.9931,15.9093,0.2829,0.9900,22.8770
0.1097,0.9908,56.6342,0.2711,0.9873,5.7592
0.1474,0.9888,51.2123,0.2193,0.9852,0.1669
0.1605,0.9925,37.9264,0.2706,0.9765,12.3355
0.1631,0.9918,24.5997,0.1889,0.5221,5.6254
0.2848,0.9888,31.5869,0.2850,0.6380,15.2339
0.0664,0.9955,57.8138,0.2762,0.9825,1.4648
0.1595,0.9913,39.3086,0.1652,0.9870,12.8831
0.0943,0.9937,39.7385,0.1268,0.9874,16.6453
0.1445,0.9921,34.1760,0.2096,0.9845,8.6341
0.1629,0.9928,19.3585,0.1784,0.9645,18.0253
0.1329,0.9903,41.3659,0.2527,0.9794,2.4303
0.0993,0.9947,26.2554,0.2000,0.9838,9.3568
0.1457,0.9900,57.9533,0.1912,0.9832,11.2959
0.1849,0.9914,23.6922,0.2145,0.4942,4.6773
0.1721,0.9940,39.2400,0.3588,0.9900,0.9675
0.1646,0.9921,57.8481,0.3869,0.9861,10.0518
0.2205,0.9900,22.0567,0.2241,0.4055,2.7309
0.1409,0.9933,35.7062,0.1812,0.6983,4.8233
0.1442,0.9948,16.1897,0.2187,0.9883,39.4504
0.1583,0.9931,29.8218,0.1643,0.8916,3.8606
0.1459,0.9926,54.8482,0.2762,0.9694,0.7664
0.1477,0.9917,43.8595,0.2681,0.9803,7.6940
0.1383,0.9941,27.6545,0.3135,0.9599,6.9722
0.1437,0.9876,43.7564,0.2173,0.9439,8.0395
0.1968,0.9924,20.2706,0.2245,0.6021,3.9746
0.1439,0.9949,27.9310,0.1594,0.6605,9.2025
0.2009,0.9912,22.5651,0.2033,0.3694,7.9000
0.1634,0.9943,24.5359,0.1684,0.7081,21.7614
0.1035,0.9910,31.7808,0.1983,0.9787,16.3110
0.1189,0.9931,56.5651,0.3181,0.9857,4.1345
0.1048,0.9912,50.8945,0.2523,0.9605,15.9299
0.1752,0.9913,29.1621,0.1857,0.6187,11.5814
0.0780,0.9965,38.2676,0.3393,0.9867,1.1612
0.0598,0.9979,14.5587,0.3561,0.9831,44.7568
0.0683,0.9956,37.6159,0.2989,0.9446,14.1732
0.0635,0.9937,47.4143,0.1991,0.9866,18.0517
0.1761,0.9914,33.4276,0.2145,0.9519,12.5590
0.1491,0.9939,26.4545,0.1736,0.9094,19.0666
0.0751,0.9955,54.3428,0.2379,0.9817,5.4668
0.1976,0.9920,24.2926,0.2044,0.4776,2.7683
0.0868,0.9958,55.5263,0.2953,0.9865,9.6811
0.1561,0.9938,26.6254,0.2288,0.9831,5.2526
0.1156,0.9930,40.7775,0.2411,0.9880,8.1537
0.0823,0.9966,32.3121,0.3404,0.9820,3.9152
0.1072,0.9929,49.0895,0.1742,0.9830,12.0824
0.1020,0.9943,46.5074,0.1614,0.9913,16.3130
0.0959,0.9938,4.2251,0.1673,0.9845,54.3031
0.1699,0.9908,32.2945,0.2874,0.8484,6.1848
0.0297,0.9972,25.4037,0.1484,0.9813,45.6971
0.0796,0.9936,47.4725,0.2127,0.9766,15.3780
0.1629,0.9912,57.5578,0.2088,0.9770,0.9952
0.1885,0.9898,28.0032,0.1898,0.4307,4.6437
0.1196,0.9929,31.9958,0.1583,0.9171,0.0659
0.0285,0.9990,21.3656,0.1856,0.9767,23.1359
0.1065,0.9955,34.8469,0.2205,0.9742,10.0364
0.1621,0.9939,21.7319,0.1931,0.6318,10.9108
0.0875,0.9938,32.4582,0.3044,0.9701,3.9854
0.1485,0.9942,21.7853,0.1903,0.9850,18.4226
0.1204,0.9948,19.3657,0.2055,0.9831,49.8601
0.2109,0.9907,24.6674,0.2367,0.5889,15.7962
0.1929,0.9963,16.8878,0.2096,0.9842,50.8512
0.1258,0.9924,39.2651,0.2970,0.9924,4.6859
0.1955,0.9922,28.2204,0.2058,0.9795,10.0348
0.1810,0.9929,24.5523,0.2722,0.9365,12.6532
0.1965,0.9923,21.3996,0.2059,0.2159,25.5323
0.1272,0.9935,11.2647,0.2198,0.9865,59.2397
0.1956,0.9929,7.3609,0.3053,0.9923,19.8647
0.1094,0.9934,40.3672,0.1997,0.9692,10.1424
0.1903,0.9943,24.1155,0.1939,0.4543,7.1376
0.1466,0.9938,49.6335,0.3397,0.9887,10.9053
0.1689,0.9961,20.2049,0.1729,0.3979,54.2648
0.0509,0.9931,51.9000,0.2388,0.9881,14.3133
0.1202,0.9940,27.4909,0.1331,0.9936,20.7778
0.0700,0.9965,28.1358,0.2132,0.9789,0.9853
0.0536,0.9948,49.4725,0.2431,0.9772,5.4854
0.1420,0.9909,43.2912,0.1796,0.9823,15.5243
0.1268,0.9917,40.4465,0.2520,0.9544,8.4335
0.2310,0.9941,18.0852,0.2887,0.9879,41.0651
0.1923,0.9933,32.0473,0.2585,0.9683,12.2666
0.1586,0.9942,21.0327,0.1714,0.9827,9.3597
0.1086,0.9948,57.8297,0.3013,0.9921,11.9754
0.0869,0.9924,24.5171,0.2153,0.9886,23.8875
0.0448,0.9966,19.1944,0.1195,0.9891,59.9150
0.1017,0.9944,35.9955,0.3197,0.9810,14.8124
0.1696,0.9938,22.7352,0.1941,0.7874,6.6846
0.2069,0.9905,31.9162,0.2641,0.9810,11.9376
0.0798,0.9954,35.1194,0.3029,0.9778,11.1180
0.1265,0.9916,21.0321,0.2666,0.9893,26.6313
0.0746,0.9954,44.8663,0.2162,0.9860,14.4939
0.1144,0.9923,40.5635,0.2144,0.9154,1.7014
0.1503,0.9925,39.4715,0.2086,0.9621,5.7189
0.1652,0.9919,55.3343,0.2298,0.9752,9.7011
0.1051,0.9952,19.2954,0.1338,0.9889,41.6581
0.1578,0.9944,24.4967,0.1695,0.6722,0.0730
0.1553,0.9930,22.4026,0.1589,0.6301,9.2676
0.1035,0.9935,50.8598,0.2692,0.9907,3.1784
0.1968,0.9920,27.5130,0.2084,0.7250,3.2033
0.2024,0.9916,24.7199,0.2102,0.2461,7.7132
0.0878,0.9918,53.5371,0.2489,0.9768,13.8765
0.0762,0.9947,28.3487,0.1877,0.9266,16.1955
0.2289,0.9887,27.9978,0.2600,0.2680,2.5174
0.1074,0.9956,33.8584,0.2367,0.9888,11.4119
0.0930,0.9952,45.1520,0.4865,0.9799,3.5612
0.2021,0.9920,28.4896,0.2042,0.3460,4.9076
0.1001,0.9972,17.1656,0.1829,0.9870,42.1405
0.1362,0.9942,34.2868,0.2105,0.9805,9.3964
0.1064,0.9923,43.2331,0.1305,0.9572,7.4795
0.1095,0.9960,32.1862,0.2516,0.9742,7.5634
0.0958,0.9945,43.7502,0.3216,0.9853,7.2845
0.1019,0.9945,44.7219,0.2103,0.9817,4.3290
0.1768,0.9918,25.8081,0.1853,0.5457,20.6294
0.1787,0.9909,44.9312,0.2467,0.9514,8.0780
0.2057,0.9915,24.3519,0.2190,0.8058,6.0266
0.1191,0.9922,25.8217,0.1716,0.7979,28.3160
0.1369,0.9931,39.0122,0.2878,0.9860,5.4380
0.0159,0.9989,46.0534,0.3675,0.9239,2.0345
0.1775,0.9947,23.3288,0.2256,0.9404,15.2412
0.1743,0.9913,32.1089,0.2474,0.6926,3.5347
0.2088,0.9914,33.8096,0.2447,0.4098,10.9392
0.1381,0.9908,57.3742,0.2624,0.9833,3.3563
0.0428,0.9963,3.1301,0.3414,0.9813,56.2485
0.1425,0.9948,20.1451,0.1939,0.9332,2.4925
0.1716,0.9925,28.1540,0.2230,0.8260,1.2573
0.1239,0.9918,46.7673,0.1585,0.9854,2.8009
0.1222,0.9932,23.9097,0.2016,0.8106,16.8051
0.1287,0.9923,37.9070,0.1368,0.9921,19.6429
0.1871,0.9903,44.6991,0.1920,0.7825,7.6315
0.1756,0.9943,34.5129,0.2160,0.9834,5.5693
0.1752,0.9903,30.2458,0.2548,0.9691,7.6379
0.1906,0.9929,13.9384,0.2905,0.9895,24.2216
0.1916,0.9912,30.5405,0.2265,0.7101,3.0924
0.1086,0.9929,41.9738,0.2088,0.9827,12.2156
0.1789,0.9939,22.6909,0.3021,0.9103,0.8471
0.1835,0.9948,20.5179,0.2646,0.9211,10.4265
0.0180,0.9989,53.0181,0.4492,0.9564,12.7051
0.1507,0.9929,19.9532,0.1552,0.4375,22.5445
0.1243,0.9934,32.0567,0.2344,0.9886,9.4914
0.1763,0.9920,30.3881,0.1829,0.3188,11.7249
0.1610,0.9923,26.4214,0.1623,0.7556,10.1778
0.1341,0.9927,30.2574,0.2201,0.9681,3.8173
0.1954,0.9886,38.8411,0.2203,0.3465,3.7608
0.1630,0.9943,19.5223,0.1630,0.3289,51.1320
0.1587,0.9922,18.8394,0.1646,0.9884,47.4522
0.1622,0.9903,26.6541,0.1864,0.2589,16.0178
0.1476,0.9943,46.7283,0.2457,0.9892,11.4994
0.1230,0.9935,36.3788,0.1544,0.9602,3.7673
0.1658,0.9927,29.9313,0.1686,0.4813,16.2015
0.1307,0.9901,56.0638,0.1875,0.9835,16.9314
0.1290,0.9925,53.3002,0.2810,0.9788,13.6943
0.1380,0.9928,45.6308,0.2405,0.9868,2.2470
0.0817,0.9918,58.6347,0.1530,0.9851,5.4121
0.0791,0.9965,26.5133,0.0838,0.9932,6.8620
0.1569,0.9927,26.3823,0.2727,0.9832,15.6220
0.2113,0.9918,26.2258,0.2681,0.5914,11.1193
0.2122,0.9919,41.6667,0.3686,0.9760,6.3474
0.1456,0.9932,28.6003,0.2081,0.6019,4.4677
0.0239,0.9962,45.1874,0.3949,0.9865,20.7102
0.0909,0.9930,28.7509,0.2364,0.9907,18.8698
0.1688,0.9933,49.5843,0.2447,0.9826,9.0201
0.1572,0.9913,45.9522,0.2010,0.9892,12.0976
0.1133,0.9949,22.3483,0.1280,0.9848,19.4442
0.0843,0.9919,0.6481,0.2117,0.9883,29.1840
0.1909,0.9918,30.1503,0.2691,0.8115,13.7438
0.0822,0.9945,56.0203,0.3061,0.9773,1.7662
0.1915,0.9913,28.9092,0.1935,0.5204,6.5420
0.0065,0.9965,34.9768,0.2863,0.9923,22.7609
0.0508,0.9975,39.9716,0.2684,0.9836,1.1069
0.0771,0.9953,47.4534,0.3546,0.9735,11.5967
0.0977,0.9908,54.6222,0.2830,0.9649,18.9665
0.2069,0.9897,53.5155,0.2919,0.9874,0.9579
0.1680,0.9922,29.2766,0.1938,0.9566,2.9575
0.1692,0.9933,30.8918,0.1700,0.5927,6.1771
0.1301,0.9921,41.5588,0.1456,0.9720,11.8805
0.1307,0.9921,49.5389,0.2671,0.9878,12.7338
0.1934,0.9930,22.6113,0.2326,0.7527,13.6279
0.1051,0.9922,35.9305,0.2218,0.8394,7.4244
0.2764,0.9937,22.6011,0.2884,0.9673,11.7570
0.1082,0.9924,52.3492,0.2427,0.9860,12.9279
0.1912,0.9896,31.8346,0.2104,0.1986,10.4119
0.1156,0.9871,10.7264,0.2542,0.9852,52.3422
0.1516,0.9936,33.7222,0.1720,0.9792,11.3973
0.1369,0.9911,42.4823,0.4191,0.9888,27.3803
0.1617,0.9916,11.3157,0.2494,0.9760,56.7370
0.1335,0.9902,52.0057,0.2976,0.9850,15.7526
0.2068,0.9946,30.8513,0.3561,0.9856,5.9473
0.1854,0.9920,43.2166,0.2032,0.9857,3.6850
0.0554,0.9924,42.3599,0.1361,0.9847,17.9218
0.1547,0.9913,25.8580,0.2504,0.9395,18.6498
0.1584,0.9932,28.1649,0.2103,0.5579,2.8209
0.1976,0.9888,42.5297,0.3245,0.9779,11.4735
0.1595,0.9960,21.2541,0.1825,0.5331,58.2062
0.2208,0.9914,23.7042,0.2576,0.6695,5.4003
0.1429,0.9907,37.5301,0.1647,0.9881,18.3242
0.2552,0.9906,45.5064,0.3458,0.9886,7.3971
0.0354,0.9979,31.3641,0.2323,0.9810,11.2971
0.1545,0.9902,58.3173,0.2882,0.9753,8.3673
0.1524,0.9937,29.8475,0.1780,0.9632,6.5686
0.1070,0.9944,27.7576,0.1836,0.8494,0.4593
0.1069,0.9936,40.3356,0.1648,0.9910,12.5454
0.1568,0.9917,10.4307,0.2098,0.9913,50.1373
0.1274,0.9930,32.0200,0.2594,0.9823,2.9764
0.1749,0.9905,34.5780,0.2802,0.9830,3.1035
0.1113,0.9935,27.8809,0.1742,0.9718,12.0731
0.1091,0.9917,46.7703,0.2281,0.9785,7.4318
0.1587,0.9925,26.2765,0.2161,0.6959,31.6224
0.0771,0.9937,52.1737,0.3135,0.9795,2.2976
0.1029,0.9913,54.1752,0.1927,0.9867,8.3067
0.1019,0.9942,53.4332,0.3982,0.9854,2.9582
0.1457,0.9906,43.0442,0.2042,0.9894,9.9625
0.1425,0.9933,36.6099,0.2201,0.9844,0.6302
0.1068,0.9909,44.4790,0.2060,0.9750,12.3558
0.1353,0.9925,28.9956,0.1553,0.9347,18.8133
0.1235,0.9922,12.7756,0.1392,0.9806,59.5450
0.1131,0.9915,42.7091,0.1914,0.9734,11.6313
0.1605,0.9955,32.7728,0.2517,0.9775,2.6982
0.1471,0.9945,21.7304,0.1631,0.5893,3.1400
0.1200,0.9942,32.1906,0.3196,0.9767,3.4148
0.0937,0.9930,16.7279,0.1616,0.9783,40.7146
0.2187,0.9902,25.0227,0.2257,0.9838,8.5863
0.0596,0.9950,40.4465,0.3779,0.9855,6.3860
0.1853,0.9925,16.7022,0.1861,0.9151,55.0906
0.1946,0.9907,59.0262,0.2842,0.9904,2.9387
0.1840,0.9886,29.0754,0.1904,0.4823,11.5965
0.0733,0.9946,14.7564,0.1635,0.9892,30.5759
0.1111,0.9953,24.7649,0.1465,0.9505,5.5233
0.2447,0.9922,36.6980,0.2606,0.9878,0.1116
0.1633,0.9901,58.0932,0.2014,0.9864,13.7830
0.0754,0.9942,37.7062,0.2217,0.9737,12.5920
0.1515,0.9908,32.3300,0.2722,0.9116,12.2986
0.0480,0.9970,53.3135,0.2875,0.9863,11.7334
0.1446,0.9944,21.4956,0.2001,0.9778,59.1194
0.2047,0.9916,28.3171,0.2597,0.9779,16.2713
0.1707,0.9909,24.2096,0.3039,0.9821,23.3468
0.0801,0.9921,50.9423,0.3258,0.9896,15.2525
0.1468,0.9939,30.1011,0.2034,0.9252,10.6059
0.1089,0.9919,56.7716,0.2593,0.9479,0.1159
0.1523,0.9940,22.7942,0.1603,0.1741,56.4359
0.1564,0.9935,22.3383,0.2241,0.8413,2.6640
0.1110,0.9930,19.4293,0.2792,0.9791,30.6242
0.1000,0.9931,11.9430,0.2592,0.9866,30.6041
0.1927,0.9936,20.3329,0.1989,0.3594,2.8662
0.1235,0.9943,24.4465,0.1402,0.9623,14.4058
0.2131,0.9899,32.6657,0.2666,0.9112,9.3667
0.1558,0.9928,19.5031,0.1853,0.9884,25.4852
0.2361,0.9935,22.0332,0.2799,0.4766,15.5139
0.1075,0.9937,52.0206,0.2298,0.9767,10.0435
0.1121,0.9942,40.1718,0.3432,0.9885,7.5120
0.0848,0.9916,58.8561,0.2007,0.9778,6.3427
0.1173,0.9924,55.3748,0.3129,0.9772,14.8066
0.0929,0.9950,32.8214,0.2085,0.9611,10.9958
0.1626,0.9908,30.4105,0.1791,0.9669,2.8096
0.0825,0.9946,31.2301,0.2177,0.9847,2.5343
0.1497,0.9924,36.0863,0.3819,0.9875,13.1110
0.1204,0.9904,57.8228,0.2290,0.9869,0.3871
0.1555,0.9917,29.4045,0.2664,0.9777,7.6249
0.1881,0.9913,28.6277,0.2088,0.2521,1.3928
0.0658,0.9900,31.7645,0.2809,0.9873,20.5916
0.1776,0.9926,24.1037,0.2444,0.9898,5.7569
0.0868,0.9899,59.2593,0.4485,0.9878,18.6837
0.0993,0.9923,48.5375,0.2244,0.9824,3.7127
0.1934,0.9917,26.0318,0.1991,0.0528,59.6296
0.2323,0.9918,44.6740,0.2519,0.9550,12.1985
0.2531,0.9924,43.5461,0.4030,0.9823,8.7474
0.1078,0.9952,22.9056,0.3472,0.9790,16.2211
0.2373,0.9902,37.6444,0.2473,0.5848,4.4616
0.0723,0.9966,22.9324,0.2559,0.9657,29.3821
0.2028,0.9893,28.4763,0.2574,0.6654,10.7786
0.2053,0.9903,24.4630,0.2538,0.2031,4.2179
0.1462,0.9908,44.3356,0.2922,0.9874,4.2582
0.0886,0.9942,5.9907,0.1730,0.9886,30.6124
0.1239,0.9884,51.8258,0.1389,0.9826,1.3616
0.2515,0.9886,34.3615,0.2522,0.7728,12.0414
0.1245,0.9925,26.1440,0.1872,0.8260,15.4028
0.1550,0.9913,49.9643,0.2357,0.9814,2.5214
0.0883,0.9940,34.7371,0.2128,0.9377,5.3496
0.1263,0.9934,35.6191,0.1551,0.9474,9.3985
0.1181,0.9927,30.8089,0.1950,0.9093,11.2700
0.1412,0.9966,16.0168,0.1668,0.9761,35.3639
0.1739,0.9908,39.4949,0.2027,0.9619,13.9962
0.1860,0.9899,55.1589,0.2952,0.9796,17.7981
0.1829,0.9925,35.2572,0.1888,0.0378,10.2100
0.1248,0.9917,44.3859,0.1341,0.9881,3.9806
0.2076,0.9939,20.6410,0.2829,0.6405,1.5841
0.1523,0.9925,25.5433,0.1794,0.2795,23.7608
0.0628,0.9972,13.1321,0.1885,0.9793,53.7719
0.0696,0.9973,18.1260,0.3031,0.9802,33.4775
0.1628,0.9932,30.1513,0.1949,0.4182,32.9755
0.1031,0.9962,26.2120,0.2727,0.9835,7.3296
0.0835,0.9924,17.6251,0.1406,0.9815,47.9758
0.0828,0.9940,40.8195,0.2654,0.9841,15.2222
0.1798,0.9897,27.2195,0.2169,0.8123,5.0084
0.0888,0.9950,34.7489,0.2077,0.9026,11.9684
0.1600,0.9922,37.4846,0.2586,0.9789,8.1775
0.1395,0.9918,24.0364,0.2568,0.8365,4.3456
0.1288,0.9958,23.4226,0.1414,0.8442,40.7804
0.0556,0.9974,22.4711,0.1366,0.9916,41.0670
0.1615,0.9937,30.8899,0.2982,0.9592,1.8461
0.0959,0.9901,45.7523,0.1134,0.9878,12.3341
0.1555,0.9888,58.8188,0.3576,0.9784,1.4865
0.2108,0.9896,28.7360,0.2309,0.6691,13.2597
0.1640,0.9934,22.2718,0.2420,0.8847,43.6841
0.0704,0.9956,10.9631,0.0931,0.9912,44.0615
0.1063,0.9927,45.2826,0.1379,0.9894,14.8005
0.2616,0.9916,21.2241,0.3096,0.8957,1.2731
0.1311,0.9952,32.0209,0.1814,0.9902,17.3361
0.1421,0.9914,27.9094,0.1526,0.8907,13.2257
0.1911,0.9932,24.5146,0.1919,0.3716,10.3392
0.1347,0.9934,46.2713,0.1980,0.9856,6.7391
0.0599,0.9937,39.8807,0.1194,0.9914,15.6351
0.1786,0.9887,27.4541,0.2720,0.7482,3.1208
0.0825,0.9953,26.2779,0.2301,0.9940,15.2434
0.1441,0.9931,26.1059,0.2324,0.9311,8.5009
0.1864,0.9935,25.4618,0.2072,0.6300,4.9839
0.1329,0.9936,41.0255,0.3003,0.9758,14.3734
0.2355,0.9929,22.7599,0.2413,0.5740,4.0248
0.2247,0.9924,28.4638,0.2547,0.7587,6.3267
0.1711,0.9917,29.5005,0.2948,0.6360,17.8944
0.1616,0.9885,35.8470,0.3342,0.9834,8.3062
0.0787,0.9936,53.2784,0.2498,0.9860,12.7030
0.0943,0.9936,43.2875,0.2084,0.9875,0.9572
0.1280,0.9929,44.3540,0.3499,0.9782,4.8677
0.1634,0.9912,31.1508,0.1759,0.4300,12.6796
0.1813,0.9904,45.4914,0.2038,0.9776,14.8826
0.1522,0.9928,33.9080,0.3303,0.9221,9.9838
0.1874,0.9921,22.5919,0.2375,0.9788,31.5689
0.1573,0.9930,22.5046,0.1596,0.8080,35.5208
0.1533,0.9917,28.6138,0.1908,0.5322,24.0618
0.1822,0.9940,22.1039,0.2052,0.7679,5.9176
0.1480,0.9928,38.9070,0.3052,0.9817,6.1537
0.1238,0.9900,37.5362,0.1560,0.8503,3.4585
0.1634,0.9916,22.3274,0.1974,0.5326,8.5438
0.1357,0.9911,4.1331,0.3652,0.9862,41.0528
0.2072,0.9964,17.5597,0.2346,0.3574,51.3263
0.1202,0.9951,48.8705,0.4639,0.9861,2.4393
0.1581,0.9923,29.6009,0.1624,0.9840,25.1538
0.0426,0.9957,4.3562,0.1991,0.9870,31.4893
0.0264,0.9984,49.7209,0.2902,0.9768,24.5616
0.1084,0.9933,29.5955,0.1880,0.8430,26.1671
0.1526,0.9921,30.8222,0.1799,0.9536,8.3148
0.1534,0.9929,40.7570,0.3099,0.9917,5.8983
0.0786,0.9941,41.5586,0.2507,0.9795,7.7091
0.2440,0.9889,22.6982,0.2497,0.2767,5.4280
0.1516,0.9950,21.1596,0.2262,0.9687,25.5381
0.0742,0.9949,46.6778,0.2015,0.9668,7.8688
0.1104,0.9918,45.5954,0.2043,0.9866,18.0162
0.0976,0.9954,27.1731,0.2458,0.9611,23.6591
0.1747,0.9929,23.2847,0.1826,0.7915,2.4461
0.0904,0.9944,27.6358,0.2394,0.8802,2.7945
0.0751,0.9952,45.1783,0.4093,0.9889,6.5924
0.1596,0.9896,57.0120,0.3369,0.9313,10.4910
0.2694,0.9897,28.4837,0.3257,0.9843,9.9461
0.1396,0.9944,34.0793,0.2343,0.9871,11.2698
0.1406,0.9859,59.2707,0.2514,0.9851,26.8306
0.1446,0.9933,22.7409,0.2219,0.8025,2.2240
0.1361,0.9894,19.1285,0.1394,0.9787,57.8079
0.0659,0.9975,34.4340,0.2128,0.9783,0.5375
0.1496,0.9936,22.7365,0.1687,0.5040,8.8470
0.1537,0.9906,47.8206,0.2670,0.9878,12.5593
0.1024,0.9920,7.0469,0.1467,0.9783,58.6744
0.0641,0.9936,32.0446,0.1325,0.9901,21.3981
0.1078,0.9960,7.3958,0.2178,0.9840,55.6118
0.1778,0.9926,58.6070,0.2447,0.9906,4.4173
0.1030,0.9932,22.7674,0.2211,0.9865,20.2119
0.1232,0.9877,50.3289,0.1511,0.9742,2.4509
0.1850,0.9921,26.6601,0.1993,0.4909,7.8978
0.1281,0.9912,32.5524,0.1544,0.8498,8.7320
0.1435,0.9906,59.6665,0.1768,0.9893,10.7660
0.0611,0.9937,34.0327,0.1557,0.9726,15.5474
0.2038,0.9923,29.2752,0.2499,0.8348,6.0671
0.0774,0.9959,39.4779,0.2704,0.9813,6.4636
0.2202,0.9939,21.2790,0.2417,0.3722,50.3409
0.1037,0.9939,36.7609,0.2502,0.9849,13.2561
0.0942,0.9928,33.6516,0.2015,0.9873,19.0821
0.2008,0.9948,17.9550,0.2660,0.9892,28.1493
0.0908,0.9960,25.0555,0.1680,0.9769,2.9881
0.1591,0.9917,23.9781,0.2029,0.3436,9.4693
0.1237,0.9926,46.8489,0.1905,0.9502,9.8759
0.1691,0.9954,34.1995,0.2090,0.9841,5.3303
0.0849,0.9945,49.0842,0.2070,0.9891,12.4527
0.1850,0.9891,44.3553,0.2346,0.9890,12.9149
0.0963,0.9926,0.6852,0.3451,0.9829,38.4957
0.1420,0.9922,43.6523,0.2104,0.9868,11.7540
0.1066,0.9953,25.4732,0.2203,0.9182,12.8900
0.1221,0.9904,47.7174,0.3179,0.8517,8.2637
0.0749,0.9951,28.8513,0.1164,0.9771,40.3722
0.2160,0.9924,25.5822,0.2287,0.0349,8.9455
0.1498,0.9924,24.4854,0.1684,0.5796,15.3175
0.2232,0.9904,26.1943,0.2239,0.3352,5.6114
0.0998,0.9956,19.5728,0.1176,0.9637,43.4145
0.0182,0.9998,30.0010,0.3239,0.9819,24.3823
0.1979,0.9937,27.6772,0.1995,0.9662,5.5862
0.2262,0.9915,26.3897,0.2373,0.9570,22.7975
0.2055,0.9920,34.8537,0.2662,0.9481,12.5193
0.0966,0.9917,24.1389,0.1275,0.9799,48.9887
0.0760,0.9920,8.1577,0.2420,0.9907,42.3549
0.1241,0.9945,30.3118,0.1259,0.9880,1.9244
0.0998,0.9943,24.2175,0.1886,0.9556,6.2045
0.1178,0.9943,26.6882,0.1344,0.4447,9.2542
0.2025,0.9904,20.3134,0.2153,0.9838,41.9450
0.1611,0.9928,32.6056,0.2504,0.9604,8.9876
0.2178,0.9940,26.2388,0.2563,0.9771,0.3967
0.1964,0.9906,26.3844,0.2289,0.2656,14.3646
0.1176,0.9911,41.5739,0.1321,0.9852,14.5684
0.1137,0.9940,29.5985,0.1428,0.9763,1.8807
0.1586,0.9911,36.4979,0.1677,0.8866,6.8121
0.2278,0.9909,20.7329,0.2592,0.6958,8.7457
0.1527,0.9943,34.1439,0.1878,0.7636,1.9537
0.0244,0.9984,38.4658,0.4265,0.9739,19.4990
0.0994,0.9940,28.4404,0.1198,0.9101,16.9157
0.1180,0.9931,34.8840,0.2245,0.9798,9.0809
0.0813,0.9966,27.4070,0.1693,0.9899,8.3519
0.0776,0.9944,21.9285,0.1684,0.9850,28.3418
0.0924,0.9928,58.8431,0.2657,0.9744,12.7030
0.0187,0.9997,23.4497,0.1842,0.9837,54.2572
0.2658,0.9914,54.7380,0.3063,0.9913,10.1303
0.1169,0.9948,48.2899,0.3430,0.9781,1.8097
0.1725,0.9949,22.0283,0.3406,0.9852,9.7617
0.1111,0.9968,14.9259,0.1996,0.9858,35.0243
0.0734,0.9948,50.6181,0.3360,0.9839,7.4868
0.1414,0.9935,26.8552,0.2505,0.6226,10.3854
0.0638,0.9946,43.9959,0.2232,0.9648,11.1718
0.0586,0.9956,50.1789,0.2358,0.9819,3.5616
0.1861,0.9938,20.8427,0.1897,0.9401,3.6936
0.0796,0.9973,22.0343,0.3072,0.9849,25.9068
0.0522,0.9977,35.6297,0.4031,0.9879,3.0707
0.1508,0.9961,22.7910,0.1934,0.9726,17.5512
0.0608,0.9959,30.8170,0.2091,0.9632,12.9040
0.1260,0.9928,46.3111,0.2678,0.9843,3.7685
0.0844,0.9943,38.3755,0.1920,0.9670,14.1348
0.1110,0.9939,35.5495,0.1581,0.9737,6.0154
0.0150,0.9938,14.1910,0.3644,0.9906,26.3265
0.1962,0.9931,26.1817,0.2119,0.3727,14.5687
0.1024,0.9913,56.2101,0.1384,0.9882,15.7123
0.1431,0.9917,31.1541,0.1919,0.6070,4.0569
0.2519,0.9927,22.6063,0.2700,0.6264,3.1192
0.1624,0.9951,29.8946,0.1640,0.9814,7.3107
0.1896,0.9916,30.7400,0.2177,0.8465,18.3097
0.1241,0.9928,29.5310,0.2398,0.9308,11.3700
0.2010,0.9931,19.6394,0.3298,0.7200,6.7073
0.1122,0.9951,21.2948,0.1581,0.9599,5.9672
0.1413,0.9944,21.3566,0.1705,0.9636,58.6629
0.1917,0.9923,31.2450,0.1997,0.4329,1.9661
0.2116,0.9904,27.3585,0.2687,0.5142,10.1694
0.0912,0.9920,41.7318,0.1778,0.9903,2.6194
0.1236,0.9919,26.7845,0.2311,0.9875,25.9295
0.0748,0.9956,48.3713,0.2542,0.9839,12.6622
0.1334,0.9921,36.3730,0.1571,0.5531,5.8204
0.2232,0.9921,24.5100,0.2494,0.1745,11.7230
0.1140,0.9932,31.2492,0.2224,0.9682,10.3601
0.0943,0.9937,45.7358,0.2294,0.9882,14.2313
0.1920,0.9917,25.6047,0.1928,0.5716,6.3958
0.1737,0.9879,35.8911,0.2043,0.6896,7.5245
0.1472,0.9938,23.6615,0.1917,0.6433,6.5320
0.0504,0.9958,18.5307,0.1411,0.9872,53.4096
0.1610,0.9932,23.7396,0.1676,0.7179,15.0456
0.1089,0.9921,29.0872,0.1693,0.8714,29.2444
0.0965,0.9953,34.1420,0.2337,0.9845,9.4819
0.1762,0.9933,22.5644,0.1915,0.4800,7.2152
0.1630,0.9940,23.3532,0.1825,0.1226,24.8247
0.1455,0.9939,21.5840,0.1569,0.7386,4.2090
0.1093,0.9926,29.2397,0.1301,0.8866,5.7449
0.1029,0.9938,30.1076,0.2883,0.9223,14.8679
0.1293,0.9923,30.7938,0.1854,0.5114,42.5078
0.1956,0.9904,36.6911,0.2181,0.9768,9.3604
0.1053,0.9957,19.7291,0.2608,0.9851,47.9473
0.2390,0.9925,27.1948,0.2475,0.9532,7.7539
0.2287,0.9904,25.0999,0.3905,0.9776,2.4092
0.1728,0.9927,34.3168,0.2986,0.9812,3.4539
0.0932,0.9949,29.7598,0.2079,0.9906,8.2411
0.1045,0.9916,39.0802,0.2317,0.9820,7.6856
0.0650,0.9949,39.8504,0.2322,0.9643,10.6981
0.1267,0.9899,39.6635,0.1357,0.9844,15.1433
0.1812,0.9939,36.0123,0.2607,0.9731,0.1790
0.0876,0.9960,39.0008,0.2591,0.9759,14.2411
0.1778,0.9926,4.3260,0.1792,0.9920,53.9590
0.1661,0.9923,24.3294,0.2178,0.9217,16.7013
0.0922,0.9944,36.3336,0.2225,0.9778,7.4899
0.1057,0.9936,39.3782,0.3579,0.9517,11.8539
0.1757,0.9943,12.7225,0.2672,0.9925,35.2351
0.1694,0.9930,25.1024,0.1790,0.4699,17.4306
0.0773,0.9939,52.4952,0.3076,0.9551,5.2645
0.1368,0.9914,26.7958,0.3078,0.9854,13.6380
0.2089,0.9915,25.9748,0.2317,0.8804,1.8410
0.1240,0.9967,20.7927,0.2165,0.9707,56.7292
0.1558,0.9894,30.5076,0.1735,0.9868,3.1476
0.0843,0.9945,41.8952,0.2134,0.9812,22.6290
0.0435,0.9980,39.6796,0.2565,0.9826,5.7577
0.0699,0.9946,40.4449,0.4018,0.8856,8.2355
0.0562,0.9960,58.9393,0.2954,0.9654,12.9553
0.0633,0.9920,31.2594,0.3277,0.9863,18.9668
0.1839,0.9878,57.9671,0.2258,0.9868,0.4575
0.0889,0.9968,20.8699,0.1568,0.9681,17.2038
0.2203,0.9913,29.5476,0.2267,0.9590,8.8872
0.2128,0.9907,22.4621,0.2609,0.9751,20.6382
0.1790,0.9912,31.7592,0.2141,0.4428,2.3943
0.1126,0.9929,13.5441,0.1490,0.9842,40.5676
0.1823,0.9925,23.4029,0.1946,0.6765,20.0328
0.0544,0.9959,48.8622,0.3460,0.9696,8.9724
0.1708,0.9935,25.3087,0.1725,0.9544,6.5361
0.1325,0.9932,26.4608,0.1914,0.9434,10.5614
0.2365,0.9886,36.0360,0.2457,0.9827,8.4491
0.1521,0.9923,26.4374,0.2383,0.4222,6.3375
0.1444,0.9914,58.7731,0.2017,0.9881,11.0779
0.1476,0.9952,21.9357,0.2244,0.9416,32.8578
0.1837,0.9920,38.6243,0.2334,0.9479,1.2516
0.1123,0.9947,20.6774,0.1537,0.9534,35.8119
0.2488,0.9924,38.7027,0.3636,0.9865,10.1847
0.1640,0.9896,54.8832,0.1803,0.9616,5.2971
0.2159,0.9935,20.3151,0.2494,0.4750,3.6858
0.1950,0.9915,23.7382,0.2031,0.3718,3.6599
0.1795,0.9914,30.0250,0.1929,0.0942,9.9252
0.1417,0.9896,42.9811,0.2475,0.9802,6.1782
0.1845,0.9894,28.4349,0.2487,0.3048,11.9812
0.1880,0.9933,47.2382,0.3093,0.9731,0.4070
0.0758,0.9949,37.9366,0.4144,0.9745,12.7132
0.1487,0.9950,21.7064,0.2390,0.9240,4.4780
0.0635,0.9961,57.2870,0.3624,0.9876,9.7664
0.1124,0.9906,34.2604,0.2711,0.9824,5.0690
0.1012,0.9951,45.7241,0.3381,0.9696,18.8141
0.0701,0.9939,45.8291,0.2475,0.9848,21.7373
0.1372,0.9922,57.9792,0.3400,0.9829,1.8700
0.0666,0.9949,42.9318,0.2766,0.9823,6.2883
0.1275,0.9949,42.2906,0.3217,0.9786,9.4573
0.1507,0.9938,24.0750,0.2128,0.7811,10.7406
0.1125,0.9911,48.9450,0.2229,0.9779,16.7301
0.1357,0.9922,44.6084,0.2716,0.9824,5.7160
0.1169,0.9943,31.3986,0.2106,0.9139,6.9348
0.2360,0.9926,38.5971,0.2859,0.9880,12.4114
0.0777,0.9945,2.2643,0.2472,0.9847,55.0205
0.1093,0.9901,58.6675,0.2954,0.9861,6.9996
0.0655,0.9951,45.2267,0.4193,0.9772,10.6790
0.0519,0.9964,34.8062,0.1268,0.9445,16.2387
0.1636,0.9950,21.3427,0.2368,0.8692,8.9743
0.1818,0.9912,49.2471,0.3627,0.9822,4.2820
0.1139,0.9919,40.9458,0.2080,0.9857,15.2392
0.1338,0.9953,25.5220,0.1618,0.9432,14.9556
0.1394,0.9969,16.1452,0.2069,0.9810,23.9019
0.1200,0.9919,42.7807,0.1924,0.9865,4.4822
0.1939,0.9908,31.1110,0.2017,0.6610,9.8456
0.1532,0.9911,15.6479,0.1899,0.9867,55.8630
0.1436,0.9885,52.9579,0.2412,0.9867,7.2150
0.1896,0.9943,18.4082,0.1969,0.4934,15.4533
0.1804,0.9934,30.8854,0.2330,0.9870,17.9723
0.1368,0.9916,34.4593,0.1525,0.9554,0.1976
0.0681,0.9954,44.3810,0.2274,0.9842,18.3325
0.1034,0.9942,5.4857,0.2254,0.9878,51.0584
0.1737,0.9924,22.5720,0.2239,0.8126,6.5264
0.1912,0.9930,23.1883,0.2032,0.7661,9.2394
0.1248,0.9938,32.2583,0.1636,0.5625,2.0466
0.1964,0.9909,2.7272,0.3898,0.9821,55.2106
0.0724,0.9963,28.9304,0.2189,0.9550,19.0681
0.1728,0.9929,24.4334,0.1955,0.5130,13.9093
0.1103,0.9958,12.8484,0.1896,0.9891,44.1067
0.1060,0.9930,42.1579,0.2541,0.9818,4.7507
0.1266,0.9943,31.7556,0.2488,0.7969,8.7366
0.1013,0.9909,18.4866,0.3898,0.9879,33.2553
0.1038,0.9926,36.8399,0.1494,0.9919,16.0275
0.2067,0.9951,3.0227,0.2601,0.9914,33.0064
0.0765,0.9965,34.5351,0.2176,0.9860,4.5685
0.1900,0.9932,37.8979,0.3087,0.9831,5.2204
0.1571,0.9920,25.9382,0.2473,0.9800,10.1355
0.2108,0.9891,50.0413,0.2110,0.9641,8.7428
0.2147,0.9917,26.5619,0.2503,0.2850,0.4526
0.2232,0.9907,39.2518,0.3484,0.9540,6.9657
0.1863,0.9917,25.8653,0.2420,0.9571,13.5251
0.1715,0.9933,18.0285,0.2902,0.9873,17.2211
0.0315,0.9961,9.3627,0.1864,0.9892,28.9826
0.0990,0.9929,5.8476,0.2332,0.9895,35.3196
0.1067,0.9941,21.6687,0.1315,0.9608,46.8852
0.0307,0.9986,10.9216,0.2426,0.9752,58.4482
0.1167,0.9951,19.5637,0.3344,0.9316,16.5100
0.2937,0.9927,14.8731,0.2940,0.9576,9.9658
0.2180,0.9905,27.3338,0.2324,0.4496,10.8006
0.1470,0.9924,35.4293,0.1745,0.9623,0.5178
0.1032,0.9915,51.1333,0.2962,0.9367,11.8727
0.1744,0.9900,25.9380,0.2143,0.9898,14.0708
0.1160,0.9947,29.1522,0.3203,0.9763,13.9722
0.1957,0.9898,27.2466,0.2284,0.5580,8.4954
0.1893,0.9902,54.8413,0.2725,0.9754,3.5132
0.1331,0.9957,14.8548,0.1734,0.9914,50.7058
0.1209,0.9940,24.7564,0.1829,0.3486,53.8064
0.0459,0.9932,0.3938,0.1585,0.9921,33.7787
0.1481,0.9944,26.4383,0.2209,0.2650,9.4389
0.1735,0.9953,39.6344,0.2360,0.9888,3.4951
0.1366,0.9925,27.2979,0.2091,0.4876,8.0189
0.1153,0.9949,19.3377,0.1420,0.9793,48.4175
0.1338,0.9939,22.2487,0.1694,0.9497,51.9397
0.1547,0.9940,16.3033,0.1771,0.9788,46.7201
0.1799,0.9923,26.4023,0.2179,0.3762,10.4161
0.1472,0.9942,25.6735,0.2083,0.7047,9.8706
0.1278,0.9937,27.2387,0.1434,0.8566,13.9230
0.1182,0.9941,41.5309,0.2413,0.9838,8.6450
0.0816,0.9929,21.8679,0.1843,0.9858,31.4528
0.0762,0.9864,42.8868,0.3096,0.9860,26.6040
0.1700,0.9941,22.8181,0.1998,0.7391,9.5444
0.1819,0.9911,28.4325,0.2173,0.0853,7.1731
0.1646,0.9935,37.4114,0.2240,0.9786,9.5984
0.1208,0.9932,30.6180,0.2160,0.7469,11.0888
0.1637,0.9947,21.8323,0.4062,0.9802,1.6025
0.1264,0.9924,55.8809,0.2809,0.9715,5.0762
0.1055,0.9951,51.4918,0.2554,0.9890,7.3034
0.1472,0.9932,27.5897,0.1893,0.9525,12.5060
0.1853,0.9944,24.3015,0.1994,0.9659,14.2916
0.1225,0.9911,45.8624,0.2455,0.9655,7.1297
0.0760,0.9945,44.0122,0.2030,0.9655,13.5506
0.1181,0.9899,51.3030,0.2090,0.9871,9.3632
0.1791,0.9918,29.3622,0.2340,0.9727,11.6530
0.0319,0.9974,55.5698,0.3435,0.9884,11.0783
0.1237,0.9926,42.7140,0.1653,0.9870,8.8998
0.1214,0.9961,19.8091,0.2207,0.9874,18.6630
0.0739,0.9955,32.3780,0.3400,0.9622,5.7610
0.1490,0.9919,25.7530,0.1658,0.1946,3.9434
0.1459,0.9927,30.5785,0.1671,0.9482,4.2494
0.1015,0.9931,27.5574,0.1676,0.9796,21.3578
0.1152,0.9942,28.1867,0.1946,0.9908,24.9276
0.1678,0.9920,37.8311,0.3905,0.9832,19.6736
0.1388,0.9924,14.6312,0.1771,0.9886,49.0620
0.1178,0.9926,32.2271,0.1454,0.9405,30.1755
0.0996,0.9910,52.5925,0.2922,0.9849,8.5744
0.0547,0.9970,19.4535,0.2113,0.9764,31.0491
0.0813,0.9962,19.1056,0.2263,0.9713,40.5975
0.0462,0.9919,52.1428,0.1183,0.9897,26.0313
0.1300,0.9927,20.4641,0.2175,0.9784,58.0489
0.1617,0.9886,46.3057,0.2238,0.6356,0.5022
0.0358,0.9949,53.4521,0.1460,0.9901,8.7376
0.1077,0.9922,53.3410,0.1611,0.9862,16.6552
