0.1158,0.9978,59.8560,0.1549,0.2197,3.8838
0.1932,0.9973,58.6713,0.2228,0.8423,15.2004
0.0901,0.9997,57.8020,0.2869,0.9828,2.6153
0.1158,0.9995,44.1984,0.1644,0.9903,6.9235
0.1231,0.9986,57.9390,0.2612,0.6986,13.2322
0.1504,0.9981,59.0497,0.2876,0.4544,6.8267
0.1288,0.9988,58.6253,0.3340,0.4827,3.2757
0.1412,0.9972,59.6232,0.2758,0.9178,4.2799
0.1748,0.9977,59.1098,0.2469,0.7735,2.5672
0.1068,0.9994,56.9725,0.2359,0.9859,12.4594
0.1720,0.9977,59.0070,0.2601,0.9217,2.2409
0.1236,0.9984,59.6827,0.2496,0.9067,13.3598
0.0606,0.9994,59.3212,0.2994,0.9671,1.6224
0.1248,0.9975,58.3603,0.1865,0.8521,6.0891
0.1515,0.9975,59.8546,0.2742,0.9440,7.3658
0.1394,0.9979,57.4901,0.1906,0.3969,5.1030
0.0843,0.9988,58.3590,0.2049,0.7148,1.9078
0.1510,0.9975,57.0418,0.2358,0.7895,13.3395
0.1384,0.9997,57.8305,0.3027,0.9897,2.4734
0.2102,0.9978,59.1739,0.3229,0.6417,7.3780
0.1635,0.9984,58.8294,0.3660,0.7850,7.1163
0.0933,0.9979,59.9140,0.1436,0.6603,19.3560
0.0529,0.9989,59.4752,0.1828,0.1543,39.0307
0.0937,0.9984,55.8078,0.1106,0.9881,2.4821
0.1234,0.9982,58.8670,0.2757,0.9847,8.6246
0.1078,0.9981,59.5744,0.1643,0.8799,9.7400
0.1430,0.9984,59.0127,0.2905,0.7151,4.1722
0.1107,0.9981,58.5127,0.2335,0.6922,4.8588
0.1469,0.9981,59.4666,0.3439,0.5182,10.7443
0.0880,0.9990,59.5822,0.2974,0.5941,5.9938
0.1703,0.9988,57.5948,0.2789,0.4065,6.2350
0.1462,0.9980,58.2944,0.2206,0.8270,4.1501
0.1406,0.9972,59.9708,0.3198,0.7304,0.6318
0.1697,0.9977,59.8371,0.2897,0.9902,15.2015
0.1250,0.9980,59.4845,0.2256,0.6110,9.0560
0.1694,0.9969,59.7388,0.2083,0.9643,9.1001
0.0866,0.9985,59.6512,0.3145,0.6314,7.6970
0.1804,0.9975,59.4710,0.2840,0.8472,7.4211
0.1375,0.9990,58.0594,0.2883,0.9699,12.2361
0.0994,0.9982,58.9178,0.3385,0.4488,1.3824
0.1321,0.9994,58.9324,0.3588,0.9876,14.8389
0.1340,0.9977,59.7879,0.3062,0.6696,2.9185
0.1501,0.9997,57.9280,0.1995,0.9968,7.7394
0.1892,0.9982,58.5422,0.2121,0.8155,13.9649
0.1188,0.9988,58.6666,0.3273,0.3584,5.6537
0.1246,0.9997,58.3285,0.1671,0.9961,20.9526
0.1204,0.9984,59.7939,0.1520,0.9862,6.9619
0.2430,0.9980,59.6644,0.3141,0.7393,10.9441
0.0916,0.9991,58.2661,0.2548,0.9643,13.1939
0.1609,0.9973,59.6148,0.3789,0.8480,4.7361
0.0614,0.9992,58.8015,0.3297,0.9635,4.0165
0.0929,0.9980,59.9983,0.3600,0.8532,1.2594
0.0883,0.9989,59.0469,0.4017,0.4481,11.7929
0.1165,0.9985,59.8093,0.2847,0.7634,10.8809
0.1419,0.9969,56.1052,0.2054,0.8494,0.7352
0.0802,0.9984,59.6860,0.1275,0.6883,1.9730
0.1168,0.9988,54.0874,0.1521,0.9912,0.1595
0.1266,0.9978,57.6163,0.3614,0.4620,3.1304
0.1908,0.9980,59.7857,0.1920,0.6720,10.5134
0.1437,0.9981,59.7907,0.2493,0.6908,10.5478
0.1852,0.9987,57.8923,0.2835,0.9876,4.9572
0.1625,0.9975,59.6783,0.3188,0.6612,15.6516
0.1018,0.9978,59.4449,0.2092,0.5483,1.1231
0.1817,0.9998,59.6923,0.2589,0.9879,6.6384
0.0837,0.9993,58.3489,0.1700,0.9842,12.8381
0.1338,0.9985,59.8324,0.3765,0.7533,6.8899
0.1815,0.9973,58.6676,0.2313,0.5301,6.7468
0.1836,0.9971,57.0601,0.2320,0.7445,8.1645
0.0990,0.9988,57.2227,0.1850,0.6047,2.5898
0.0569,0.9992,59.6187,0.4697,0.3613,4.7715
0.0764,0.9999,56.4904,0.4994,0.9818,7.2317
0.1154,0.9979,59.4254,0.3214,0.8117,3.0135
0.1233,0.9982,59.0701,0.2774,0.7723,1.7793
0.1921,0.9980,58.0805,0.2013,0.4325,24.0374
0.1464,0.9975,56.7976,0.3733,0.7605,5.8071
0.1017,0.9990,48.3886,0.1073,0.9954,3.5530
0.1409,0.9977,59.8208,0.2255,0.8457,7.0535
0.1001,0.9988,59.1619,0.2506,0.8786,17.9140
0.1779,0.9979,59.4236,0.3707,0.5980,10.3006
0.1775,0.9990,59.7988,0.2448,0.2590,3.4029
0.1655,0.9985,57.1450,0.3157,0.5875,5.3575
0.1252,0.9978,57.5028,0.2507,0.5651,10.4136
0.1957,0.9983,59.6508,0.3136,0.8804,5.9201
0.1820,0.9984,59.9252,0.2546,0.5461,0.7535
0.0727,0.9992,58.2540,0.2396,0.6235,6.9382
0.1641,0.9990,59.4557,0.2225,0.8739,8.3150
0.1039,0.9975,59.6576,0.3409,0.7300,2.3134
0.1265,0.9981,59.5373,0.2220,0.8497,4.0458
0.1183,0.9984,59.6935,0.2691,0.5971,15.7094
0.0986,0.9984,59.9348,0.2350,0.6877,9.7547
0.0976,0.9981,58.8742,0.2372,0.6594,17.9509
0.0645,0.9990,55.5826,0.0813,0.9917,1.6119
0.1638,0.9972,59.4380,0.4632,0.6489,5.5046
0.1432,0.9984,59.8453,0.2283,0.8724,0.6621
0.1500,0.9977,58.9511,0.3116,0.7435,5.8255
0.1425,0.9983,59.0725,0.1784,0.8335,5.9849
0.0824,0.9985,59.4291,0.3416,0.4544,14.3267
0.1534,0.9997,56.2998,0.3252,0.9880,2.9342
0.1249,0.9986,58.5607,0.2537,0.6711,5.4449
0.1743,0.9983,59.2828,0.3958,0.5699,8.5207
0.0902,0.9982,59.9851,0.1695,0.6126,17.3093
0.1725,0.9964,59.8722,0.1906,0.8498,7.9109
0.2612,0.9991,59.8620,0.4779,0.9837,8.7132
0.0873,0.9988,59.2799,0.2340,0.2887,2.5848
0.1748,0.9985,59.0160,0.2359,0.6258,7.1522
0.1616,1.0000,59.7020,0.2823,0.9951,4.9811
0.1611,0.9975,57.2099,0.1984,0.9770,8.6959
0.2222,0.9989,59.7964,0.3953,0.9886,6.3110
0.1170,0.9991,59.9106,0.4510,0.6327,17.8805
0.1196,0.9973,59.2404,0.3413,0.5972,7.2389
0.1175,0.9988,49.0913,0.2086,0.9925,15.4517
0.0991,0.9993,55.5737,0.2576,0.9892,13.7381
0.1217,0.9984,59.7781,0.1316,0.8479,11.3751
0.1228,0.9991,59.5881,0.1971,0.5907,8.8159
0.1773,0.9992,59.0261,0.3809,0.9870,3.5990
0.0864,0.9980,59.3338,0.1637,0.7991,6.5527
0.1036,0.9995,58.0280,0.3862,0.9731,3.7368
0.1659,0.9996,56.8494,0.1951,0.9964,2.9923
0.0629,0.9996,59.0523,0.3449,0.9797,10.9978
0.1252,0.9981,59.1067,0.2179,0.5497,4.9494
0.1592,0.9975,56.6850,0.3257,0.7464,8.2736
0.1138,0.9983,58.4870,0.2787,0.6610,2.7450
0.0720,0.9983,59.9784,0.2055,0.5297,18.7968
0.0874,0.9992,58.4387,0.2567,0.1963,12.6632
0.1277,0.9985,58.5151,0.3564,0.9844,13.8227
0.0903,0.9992,56.4161,0.2158,0.9759,3.2152
0.1754,0.9991,58.3466,0.3442,0.9832,10.6011
0.1001,0.9985,59.5003,0.2937,0.4034,7.7371
0.0851,0.9990,57.6601,0.3655,0.6001,8.6679
0.1374,0.9985,59.7529,0.4338,0.3593,0.8562
0.1737,0.9974,58.6613,0.2054,0.3967,18.4662
0.1281,0.9984,58.8988,0.4169,0.6019,0.2259
0.1241,0.9978,58.1170,0.3437,0.8377,5.2737
0.1225,0.9984,42.2855,0.2775,0.9921,7.7111
0.1445,0.9984,58.2449,0.2010,0.9856,2.6643
0.2078,0.9981,51.8051,0.3780,0.9880,7.2611
0.2619,0.9964,59.5211,0.2677,0.9913,2.0278
0.1803,0.9976,59.4983,0.2007,0.5179,1.8093
0.1619,0.9986,58.4325,0.1680,0.4134,7.3087
0.1792,0.9981,59.5090,0.2469,0.9562,13.8438
0.2184,0.9988,59.4637,0.3561,0.8234,12.3179
0.0914,0.9986,59.3577,0.3943,0.5246,15.8495
0.2046,0.9998,57.0582,0.4317,0.9918,3.1595
0.1316,0.9986,59.9142,0.2655,0.4224,4.3390
0.1376,0.9987,58.5731,0.2217,0.9866,9.8852
0.1188,0.9989,58.6338,0.2863,0.7099,13.5162
0.0777,0.9991,58.2022,0.2316,0.4709,4.0026
0.2001,0.9982,58.3508,0.3666,0.9852,5.8734
0.0615,0.9993,59.9636,0.2378,0.5862,2.7583
0.1305,0.9987,59.8898,0.2581,0.9583,10.1273
0.1653,0.9995,45.8203,0.1775,0.4552,6.1327
0.1604,0.9989,53.4093,0.1921,0.9914,5.5287
0.0802,0.9988,59.9346,0.2631,0.7261,2.9401
0.1536,0.9978,59.3039,0.3326,0.6388,2.3799
0.0493,0.9990,58.3709,0.2651,0.3249,7.2888
0.1363,0.9984,59.8130,0.2604,0.5987,13.8657
0.1410,0.9974,59.8721,0.2595,0.5090,5.4064
0.1537,0.9979,59.1011,0.2678,0.6204,3.4833
0.1688,0.9984,57.0390,0.2968,0.9842,3.2100
0.1489,0.9982,57.8704,0.3573,0.7802,0.4125
0.1996,0.9991,59.4409,0.2999,0.6166,3.1563
0.1142,0.9981,59.2866,0.1707,0.6442,5.8971
0.1497,0.9990,56.9883,0.2218,0.3483,7.5181
0.1354,0.9975,59.7350,0.2435,0.9020,4.6593
0.0878,0.9990,58.7115,0.2893,0.2378,6.4567
0.1007,0.9989,59.5125,0.2955,0.6559,16.4980
0.1108,0.9987,58.8486,0.3277,0.3944,1.0423
0.1180,0.9985,59.9687,0.3000,0.7130,5.4438
0.1618,0.9987,59.7383,0.3584,0.5681,9.8977
0.1186,0.9995,55.5574,0.3096,0.9889,5.3250
0.0862,0.9983,59.2946,0.2415,0.7254,3.6362
0.1497,0.9981,59.3786,0.1984,0.6176,12.1940
0.1018,0.9981,58.7092,0.3163,0.8137,7.8924
0.1306,0.9984,59.8559,0.2498,0.6819,9.1087
0.1204,0.9982,59.8918,0.1308,0.3548,15.6692
0.0929,0.9978,59.4174,0.1810,0.4915,6.3031
0.0753,0.9994,59.0888,0.1856,0.9924,5.9134
0.1210,0.9977,59.8518,0.2591,0.6504,11.4023
0.2042,0.9994,56.2025,0.3386,0.9909,3.4684
0.1461,0.9987,59.9695,0.3361,0.2588,2.1622
0.0854,0.9996,58.2211,0.2734,0.9845,11.0000
0.2021,0.9979,59.4094,0.3335,0.9670,3.0046
0.0703,0.9998,58.4750,0.2654,0.9869,10.2714
0.1747,0.9992,57.7984,0.2144,0.4409,14.8651
0.1129,0.9989,59.2365,0.1889,0.9758,3.6689
0.0780,0.9993,59.5683,0.2259,0.6948,2.5694
0.1908,0.9980,58.6499,0.2014,0.8561,19.3869
0.1689,0.9983,59.1378,0.2439,0.8499,0.6451
0.0899,0.9985,59.1567,0.3112,0.7679,11.1496
0.1219,0.9982,59.9628,0.2084,0.8468,7.9495
0.1278,0.9979,59.4538,0.2576,0.8070,7.1451
0.1291,0.9995,59.5791,0.1787,0.8666,11.4226
0.1117,0.9991,59.3822,0.3314,0.3284,7.0678
0.1364,0.9984,59.8446,0.3486,0.6879,12.2710
0.1186,0.9985,56.6943,0.3801,0.9733,8.7184
0.1708,0.9974,59.4395,0.1920,0.7632,7.1107
0.1758,0.9978,59.9090,0.2353,0.5729,6.0442
0.1602,0.9982,59.2471,0.1789,0.9901,5.7412
0.1184,0.9989,53.5466,0.2676,0.9824,11.3626
0.0830,0.9988,58.7882,0.2623,0.9802,4.7303
0.1969,0.9998,58.8507,0.5420,0.9940,9.8036
0.1342,0.9975,59.6413,0.1967,0.9050,7.7002
0.1197,0.9984,53.6949,0.1505,0.9912,10.4926
0.2707,0.9998,57.8304,0.3624,0.9906,1.5786
0.1903,0.9983,59.1423,0.2377,0.7074,8.1390
0.1249,0.9982,59.1904,0.2713,0.8386,5.2096
0.0645,0.9976,59.8582,0.2145,0.6459,5.3765
0.1667,0.9982,53.9199,0.1903,0.9646,10.5813
0.1697,0.9983,59.8331,0.3472,0.5732,10.8760
0.1057,0.9981,59.8532,0.1602,0.9478,7.8788
0.0987,0.9986,59.8042,0.3075,0.5414,1.9114
0.1659,0.9979,59.5925,0.3422,0.9371,10.5078
0.1642,0.9992,59.4568,0.4403,0.9787,2.6252
0.1377,0.9978,59.7588,0.1668,0.8339,4.1256
0.1314,0.9973,59.0647,0.2064,0.7270,12.9952
0.1389,0.9981,59.7749,0.1853,0.6986,0.4629
0.1227,0.9990,59.2153,0.2680,0.6850,8.2817
0.1266,0.9979,59.6756,0.2166,0.9744,10.9845
0.1009,0.9990,58.8182,0.2330,0.7737,0.9748
0.1089,0.9981,59.8497,0.2297,0.7566,8.1459
0.1657,0.9988,59.8212,0.2444,0.8297,6.4435
0.0907,0.9998,54.2120,0.3330,0.9874,4.9145
0.0815,0.9995,59.6996,0.2415,0.5183,2.1723
0.0969,0.9976,59.8062,0.2268,0.6705,4.5877
0.1094,0.9984,59.8592,0.3279,0.6883,7.7442
0.1827,0.9983,59.3381,0.2411,0.5117,4.5666
0.1753,0.9980,57.7848,0.2295,0.8814,6.2341
0.1349,0.9985,57.7897,0.2040,0.5183,14.2883
0.1258,0.9996,56.5615,0.3682,0.9776,18.4762
0.0909,0.9985,59.9839,0.0963,0.9881,20.9148
0.1317,0.9984,59.2140,0.2190,0.8661,10.6654
0.1380,0.9978,59.8142,0.2255,0.7614,15.8062
0.1348,0.9986,57.1949,0.4216,0.9844,12.6207
0.1683,0.9984,58.2386,0.3311,0.6182,0.8403
0.1570,0.9980,58.4699,0.3348,0.9807,13.4061
0.1572,0.9990,59.8305,0.1718,0.6990,15.6180
0.1523,0.9991,58.4873,0.2483,0.9846,11.7637
0.0878,0.9989,58.9778,0.2266,0.9872,4.9945
0.1183,0.9985,59.0763,0.2808,0.7522,11.3026
0.1821,0.9981,59.9544,0.1885,0.3392,1.6406
0.1680,0.9977,56.6316,0.2506,0.9468,4.8315
0.1830,0.9987,59.4351,0.2693,0.9929,10.1495
0.0958,0.9989,59.8181,0.2939,0.5397,7.5862
0.1710,0.9976,59.8647,0.2281,0.9068,0.7612
0.1690,0.9980,57.9235,0.2292,0.9759,10.5614
0.1921,0.9978,58.5538,0.2767,0.9727,2.8395
0.1770,0.9987,57.3912,0.2619,0.9789,2.0186
0.0858,0.9991,59.5153,0.3656,0.5699,6.7412
0.2706,0.9999,59.6806,0.2830,0.9971,13.3169
0.1272,0.9980,59.8300,0.2875,0.3637,15.3104
0.1654,0.9971,59.3951,0.3501,0.6528,19.0839
0.1296,0.9981,59.6029,0.2304,0.6062,2.2849
0.1228,0.9997,54.9011,0.3082,0.9887,13.3021
0.1352,0.9988,59.8522,0.3126,0.7487,7.7295
0.1478,0.9980,56.6669,0.2274,0.9815,3.1391
0.2068,0.9976,59.2686,0.2713,0.8618,4.1829
0.1251,0.9973,59.5156,0.2382,0.7364,5.1706
0.0823,0.9986,58.7015,0.3498,0.4510,2.6038
0.1897,0.9974,59.8746,0.2268,0.9863,5.7922
0.1005,0.9983,58.8165,0.1626,0.9553,0.7232
0.1494,0.9991,59.0671,0.2399,0.6894,12.6633
0.1191,0.9977,58.8864,0.2284,0.4918,8.3925
0.0870,0.9986,59.5175,0.2405,0.3777,22.4191
0.1081,0.9985,59.5487,0.1964,0.7717,2.2206
0.1508,0.9973,59.4064,0.2702,0.3429,11.3922
0.1754,0.9985,56.6541,0.3182,0.9908,2.8663
0.1045,0.9978,59.3784,0.3058,0.7284,5.6622
0.1537,0.9989,52.0855,0.2952,0.9908,7.7299
0.1453,0.9974,55.4426,0.2077,0.4377,16.7165
0.1067,0.9980,59.4553,0.2790,0.7980,10.0970
0.1716,0.9980,59.9356,0.2119,0.9238,12.0920
0.0781,0.9982,59.4110,0.2549,0.9497,14.1131
0.1534,0.9982,59.9919,0.1816,0.8824,13.4920
0.1508,0.9992,57.8528,0.4230,0.5948,3.2812
0.1200,0.9993,59.3926,0.2435,0.9943,18.1929
0.2178,0.9972,59.8105,0.2338,0.9513,11.6220
0.1415,0.9980,56.4180,0.1721,0.7147,9.2980
0.1869,0.9983,59.6086,0.2463,0.8659,7.1812
0.1336,0.9983,59.8833,0.4959,0.8171,9.9214
0.0647,0.9999,59.9943,0.6525,0.9604,6.6571
0.0933,0.9987,59.7190,0.2429,0.4976,16.6626
0.1452,0.9978,59.8789,0.2573,0.9385,1.5638
0.1014,0.9979,59.3971,0.3353,0.7666,14.4995
0.1540,0.9992,57.0849,0.4014,0.9832,1.0324
0.1177,0.9991,59.1272,0.5024,0.9757,8.3755
0.1298,0.9991,56.9029,0.3507,0.9847,12.2450
0.1927,0.9981,58.5174,0.3210,0.9615,16.1743
0.1579,0.9981,59.1825,0.2021,0.3685,6.0549
0.1657,1.0000,56.9606,0.3688,0.9902,3.5452
0.0822,0.9995,58.9030,0.3484,0.9837,5.7014
0.0973,0.9984,59.2792,0.3088,0.5119,10.7470
0.1220,0.9982,59.9854,0.2556,0.1928,5.6804
0.1537,0.9985,59.8234,0.2435,0.6378,3.4158
0.1547,0.9993,57.2825,0.3755,0.9841,5.8534
0.2068,0.9986,58.3054,0.2511,0.8569,5.8341
0.1885,0.9977,59.6379,0.3778,0.7691,2.7691
0.1457,0.9970,57.2289,0.2166,0.6223,6.8090
0.1242,0.9983,59.2044,0.2842,0.5145,9.9615
0.0523,0.9986,58.4952,0.3145,0.2676,14.3083
0.1130,0.9988,59.6323,0.2264,0.7382,6.1680
0.1556,0.9972,58.5758,0.1654,0.6588,1.4889
0.1319,0.9988,59.5434,0.2725,0.6460,0.8475
0.1195,0.9991,58.2765,0.2674,0.5487,7.4830
0.1102,0.9985,59.9567,0.3509,0.4138,3.6369
0.1302,0.9979,58.3386,0.3170,0.6027,4.4460
0.1382,0.9988,59.6642,0.4204,0.6201,8.3605
0.1557,0.9984,59.0634,0.2039,0.6967,5.8170
0.1667,0.9979,59.3492,0.3561,0.8629,9.9519
0.1088,0.9979,59.1957,0.2980,0.9112,5.0437
0.1830,0.9976,58.5782,0.2208,0.6450,6.3249
0.1148,0.9973,59.5022,0.1496,0.7787,13.6528
0.1902,0.9994,58.3328,0.2706,0.9881,7.4744
0.1462,0.9981,58.6428,0.2787,0.8052,6.3378
0.1289,0.9982,59.8965,0.1310,0.6261,7.4291
0.1347,0.9992,58.0752,0.1880,0.9947,19.5853
0.1718,0.9972,59.8622,0.2739,0.8444,8.4637
0.1654,0.9979,59.8396,0.3106,0.7432,11.5738
0.2063,0.9993,56.2919,0.2312,0.9962,4.3071
0.1380,0.9996,55.3674,0.3643,0.9901,14.2802
0.1522,0.9979,59.0206,0.2876,0.9754,6.6332
0.1383,0.9990,56.8022,0.4453,0.9921,1.7233
0.1756,0.9978,58.8185,0.2516,0.9638,8.2648
0.1102,0.9993,57.9040,0.2485,0.9809,10.1721
0.1217,0.9975,59.9658,0.2600,0.7486,10.9104
0.0882,0.9984,59.0426,0.3196,0.5979,7.0025
0.1382,0.9976,58.1329,0.2877,0.7588,8.5926
0.0994,0.9987,59.7859,0.2668,0.2217,23.4154
0.0856,0.9977,59.9537,0.1415,0.6147,11.2556
0.1431,0.9977,59.1381,0.2421,0.7797,2.7166
0.1736,0.9986,40.5956,0.1934,0.6202,16.0381
0.1862,0.9981,59.9251,0.3393,0.7256,1.8136
0.2246,0.9975,59.8217,0.3114,0.7336,2.1945
0.1455,0.9984,59.9332,0.2969,0.6565,0.2397
0.1760,0.9989,59.1666,0.4501,0.3554,1.0957
0.0939,1.0000,55.7289,0.2570,0.9912,11.3093
0.1663,0.9971,59.6674,0.1729,0.7400,4.8423
0.1873,0.9993,57.9379,0.4414,0.9795,11.6823
0.1054,0.9986,58.8479,0.1385,0.7498,5.8788
0.1425,0.9986,58.9615,0.2597,0.9857,20.8738
0.1536,0.9998,56.5970,0.2077,0.9900,2.4937
0.1500,0.9978,58.7202,0.1690,0.8005,6.3421
0.1162,0.9983,58.2882,0.3329,0.5229,10.4952
0.1173,0.9979,59.6980,0.1207,0.7540,19.2498
0.1324,0.9983,59.6437,0.2973,0.7299,11.9971
0.1486,0.9979,59.9756,0.3043,0.5143,8.9539
0.1453,0.9986,58.0238,0.2708,0.6529,9.6373
0.1407,0.9983,59.9464,0.2639,0.9899,5.7399
0.1501,0.9995,52.8982,0.3943,0.9833,10.9184
0.0802,0.9984,59.1841,0.3041,0.6367,11.6728
0.2296,0.9983,58.5496,0.3014,0.4601,21.5597
0.1916,0.9978,59.9174,0.2182,0.5834,0.4309
0.2614,0.9979,56.2890,0.2765,0.9962,16.1271
0.0845,0.9981,59.5072,0.1073,0.7308,1.8089
0.1603,0.9977,59.3541,0.2727,0.8731,17.1077
0.1219,0.9988,58.4177,0.2846,0.6039,6.9727
0.1108,0.9993,58.0829,0.3960,0.9765,10.7329
0.1117,0.9989,55.3740,0.1890,0.9833,8.1660
0.1676,0.9987,59.5903,0.2306,0.9768,6.3974
0.0888,0.9982,58.4557,0.1733,0.9498,9.5460
0.1034,0.9989,59.5534,0.3207,0.6694,11.4450
0.1023,0.9991,58.6034,0.2086,0.9915,21.3726
0.0914,0.9980,59.4875,0.3185,0.4499,11.9967
0.1269,0.9981,58.1558,0.2723,0.5776,4.0796
0.1437,0.9998,59.7936,0.3571,0.9878,11.0514
0.0849,0.9980,59.6855,0.1846,0.7421,16.4483
0.1436,0.9977,58.8335,0.3100,0.9880,1.9453
0.1426,0.9978,59.4399,0.3276,0.6404,11.0232
0.1445,0.9978,59.2721,0.2860,0.5927,1.0107
0.1231,0.9985,59.8760,0.3993,0.8895,3.0061
0.1225,0.9988,59.6007,0.2999,0.9452,3.7978
0.1983,0.9966,58.3087,0.2726,0.7939,18.2351
0.1713,0.9999,54.9253,0.3749,0.9840,12.5896
0.1083,0.9992,57.5665,0.2465,0.9825,2.6979
0.1237,0.9978,58.9805,0.2053,0.8696,3.8674
0.1191,0.9979,58.9121,0.1876,0.7081,7.9351
0.2769,0.9986,58.5772,0.4625,0.9934,4.5661
0.1494,0.9985,59.4489,0.1644,0.6242,8.1879
0.1949,0.9984,58.9476,0.4987,0.9786,1.1157
0.0960,0.9989,59.3300,0.2230,0.9752,4.5106
0.1573,0.9981,59.7944,0.2974,0.6762,1.6210
0.1290,0.9977,58.9646,0.3603,0.6771,12.8338
0.0634,0.9981,59.6569,0.1429,0.8284,5.4380
0.1699,0.9988,59.7848,0.3292,0.6654,1.9063
0.1187,0.9990,58.1393,0.3475,0.9589,8.4640
0.1769,0.9969,52.0738,0.1909,0.9915,9.8044
0.1253,0.9979,58.9873,0.2168,0.9797,15.1155
0.1476,0.9972,59.6614,0.1631,0.6193,4.0975
0.1089,0.9980,59.9465,0.3920,0.4674,9.0958
0.1129,0.9987,59.2934,0.2030,0.6269,19.3371
0.1650,0.9983,59.5729,0.3150,0.7242,17.3480
0.1540,0.9987,46.4384,0.2113,0.9909,11.6927
0.0933,0.9989,59.4919,0.2366,0.9693,8.0694
0.1112,0.9994,59.0516,0.2902,0.9887,0.4102
0.1388,0.9987,57.2941,0.2779,0.2487,9.6229
0.0770,0.9994,57.0544,0.3288,0.9860,14.4666
0.1966,0.9985,59.2151,0.3308,0.9883,11.2233
0.1630,0.9980,59.4682,0.2872,0.8961,1.4440
0.0885,0.9985,59.1744,0.3550,0.6951,4.9771
0.0722,0.9991,59.9550,0.2450,0.4408,6.3133
0.1299,0.9991,54.9829,0.1415,0.9958,8.6798
0.1435,0.9985,59.2214,0.3173,0.7155,8.4179
0.1252,0.9987,57.1846,0.1957,0.9878,19.6105
0.1409,0.9985,59.8753,0.2950,0.5623,2.3339
0.1215,0.9992,59.6661,0.3783,0.6011,8.7661
0.1551,0.9990,59.5878,0.2664,0.9159,9.1434
0.0516,0.9988,59.4518,0.1730,0.5197,17.8980
0.1259,0.9990,59.7036,0.2587,0.7263,13.5388
0.1353,0.9980,59.5120,0.1870,0.5437,6.9594
0.1112,0.9983,58.7893,0.2036,0.6714,5.4687
0.1015,0.9981,59.7278,0.3238,0.6957,5.0284
0.1124,0.9987,58.2933,0.3193,0.7751,1.0744
0.2243,0.9982,53.9813,0.2583,0.7072,20.7870
0.1535,0.9977,59.8064,0.3210,0.6534,3.0750
0.1420,0.9970,59.7113,0.2723,0.6541,19.3591
0.0903,0.9980,59.9586,0.3483,0.7411,10.9401
0.1122,0.9983,58.0464,0.2162,0.8331,2.1175
0.1022,0.9976,57.6903,0.2641,0.6267,3.1531
0.1789,0.9993,57.0148,0.2493,0.9970,6.9292
0.1387,0.9985,52.1106,0.2266,0.9877,13.3332
0.1169,0.9990,59.6131,0.2558,0.4659,2.6977
0.0943,0.9984,59.9126,0.2977,0.5554,5.6388
0.1212,0.9980,59.4183,0.2230,0.7553,5.3361
0.1649,0.9983,59.6123,0.3786,0.6891,10.4738
0.1806,0.9980,56.2540,0.3318,0.9516,4.0332
0.1653,0.9977,58.8424,0.4912,0.7776,1.1158
0.1617,0.9993,59.8772,0.2631,0.9939,11.9218
0.1424,0.9992,58.4821,0.4700,0.9849,11.5981
0.1675,0.9986,53.8507,0.3406,0.9809,5.2739
0.0969,0.9981,52.8630,0.2342,0.7487,7.9764
0.1440,0.9995,57.9482,0.3822,0.9911,18.3561
0.1755,0.9979,59.2685,0.1925,0.7970,0.9797
0.0900,0.9984,58.8289,0.2947,0.7323,6.1638
0.2946,0.9983,58.4495,0.3260,0.9958,19.3187
0.1083,0.9986,59.5476,0.2708,0.5510,3.3202
0.1199,0.9977,57.6453,0.1781,0.8569,12.4439
0.1126,0.9989,59.5155,0.3227,0.5601,10.6199
0.1769,0.9979,59.9879,0.3322,0.3722,10.4578
0.1539,0.9973,59.9897,0.3062,0.4144,10.8785
0.1253,0.9982,58.7241,0.2660,0.8397,5.0203
0.1167,0.9987,59.2488,0.3866,0.5095,3.8815
0.1083,0.9988,59.2874,0.2011,0.5953,7.6247
0.2035,0.9968,54.9729,0.3341,0.7448,8.0516
0.0448,0.9993,59.3486,0.1745,0.9744,11.3056
0.1685,0.9981,59.7953,0.2930,0.9029,6.2696
0.2059,0.9987,59.5771,0.3091,0.1030,7.4564
0.0616,0.9988,58.3093,0.2040,0.6726,15.2074
0.1194,0.9978,59.7833,0.3285,0.5797,2.7576
0.1534,0.9970,59.9025,0.2137,0.5472,7.1012
0.1535,0.9991,55.6864,0.2443,0.9865,5.4784
0.1575,0.9985,59.6512,0.3204,0.6598,7.1829
0.1082,0.9978,59.6520,0.2517,0.6378,6.5343
0.1228,0.9980,59.7428,0.2248,0.8248,1.5425
0.1535,0.9984,59.6483,0.3087,0.7777,9.0183
0.1221,0.9983,58.8797,0.3432,0.7681,3.6362
0.1558,0.9993,58.3910,0.4717,0.9727,5.8440
0.1033,0.9989,59.4733,0.2258,0.1834,19.7836
0.1515,0.9986,59.6447,0.2082,0.6691,11.0934
0.1148,0.9982,59.9413,0.3588,0.7490,0.6626
0.1668,0.9985,58.9956,0.3597,0.8974,3.2140
0.1493,0.9984,55.4224,0.2817,0.9890,8.3726
0.1231,0.9987,59.6970,0.4562,0.9760,11.7039
0.1011,0.9984,59.9881,0.3560,0.6057,13.1493
0.1431,0.9981,57.9494,0.1695,0.6909,5.5682
0.1468,0.9991,59.7067,0.2367,0.5704,18.3370
0.1448,0.9982,57.1187,0.2141,0.9233,8.5538
0.1172,0.9982,59.8654,0.2261,0.3214,11.9046
0.1677,0.9973,53.7884,0.2880,0.7157,5.7732
0.1167,0.9982,56.8067,0.2349,0.6354,8.5344
0.0760,0.9999,58.9929,0.2956,0.9827,19.6760
0.0645,0.9986,58.4725,0.2089,0.6467,2.6188
0.0804,0.9987,59.6149,0.2513,0.6256,5.4865
0.1638,0.9989,59.5697,0.2167,0.8754,10.3549
0.1232,0.9994,48.2072,0.1254,0.9959,7.7732
0.0702,0.9999,59.4404,0.4959,0.4341,11.5572
0.0780,0.9976,59.4436,0.2460,0.7780,1.0926
0.1127,0.9983,58.2304,0.1542,0.7966,14.4757
0.1189,0.9985,58.4289,0.3357,0.9618,6.8853
0.1343,0.9979,56.6904,0.3432,0.6499,0.9802
0.0686,0.9980,57.0015,0.1100,0.9831,1.6174
0.1926,0.9975,58.5259,0.2832,0.8228,0.0729
0.1530,0.9988,57.9348,0.2591,0.9918,0.5278
0.1549,0.9970,57.9884,0.1892,0.9486,1.8562
0.2103,0.9992,59.3823,0.2812,0.9921,11.7056
0.1070,0.9985,56.6342,0.3044,0.5189,4.4261
0.0814,0.9985,58.7051,0.2131,0.5352,14.1926
0.0747,0.9982,58.3798,0.2190,0.5208,4.0163
0.0911,0.9995,58.5534,0.2444,0.9884,18.6090
0.1247,0.9981,58.4521,0.3434,0.5504,12.0857
0.0772,0.9977,59.7878,0.2444,0.6369,4.7785
0.1554,0.9976,58.2666,0.2866,0.6841,9.2793
0.1009,0.9985,59.9239,0.2693,0.4737,2.7276
0.1712,0.9983,58.3713,0.2663,0.6191,8.5735
0.1595,0.9984,59.4740,0.3858,0.9772,5.6152
0.1903,0.9972,59.8608,0.2358,0.3526,6.9771
0.0852,0.9988,57.8685,0.4006,0.5036,13.5923
0.1716,0.9979,59.6533,0.2750,0.6488,2.9218
0.0966,0.9989,59.3994,0.3665,0.6101,2.4024
0.0668,0.9987,58.8723,0.2685,0.4258,5.6665
0.0940,0.9986,59.3072,0.3361,0.5577,10.9941
0.1474,0.9991,59.9630,0.3449,0.3456,9.6280
0.1870,0.9987,59.9813,0.2870,0.5798,4.8743
0.1062,0.9986,57.9824,0.3720,0.5577,2.2001
0.1417,0.9978,59.6602,0.2033,0.5656,10.1027
0.1130,0.9986,59.7645,0.2007,0.7751,14.2279
0.1658,0.9976,57.8562,0.2034,0.5346,3.9417
0.1336,0.9987,57.0316,0.2147,0.9838,14.7539
0.1406,0.9977,57.5470,0.1542,0.8123,9.7158
0.1200,0.9988,58.8340,0.2270,0.4778,10.3354
0.1179,0.9987,59.9707,0.3147,0.9767,6.1940
0.1366,0.9984,58.9548,0.3524,0.5376,4.9736
0.1060,0.9983,57.7602,0.2910,0.5036,1.5851
0.1254,0.9984,59.5951,0.1843,0.7900,9.3791
0.1044,0.9981,58.5265,0.3104,0.4985,15.1695
0.1175,0.9980,59.3135,0.2292,0.7462,2.7131
0.1220,0.9992,58.8180,0.2046,0.3510,5.4964
0.1731,0.9997,59.1874,0.5063,0.9920,4.4062
0.2002,0.9989,58.1214,0.3113,0.9886,12.4491
0.1194,0.9988,55.5824,0.1523,0.9890,2.2117
0.1894,0.9987,59.3742,0.2043,0.9936,14.3675
0.1686,0.9988,55.3573,0.2962,0.9868,6.5876
0.0915,0.9987,59.9814,0.2689,0.4880,19.3085
0.1072,0.9981,59.7515,0.2520,0.9077,12.0552
0.1474,0.9984,59.9617,0.3314,0.9724,0.2930
0.1156,0.9972,57.7257,0.1777,0.6831,14.7730
0.1219,0.9978,59.0671,0.2266,0.5709,3.9806
0.1021,0.9980,59.7963,0.3594,0.3038,0.5021
0.1589,1.0000,59.4423,0.3297,0.9955,1.4330
0.0979,0.9980,58.9100,0.1519,0.2322,29.5206
0.0777,0.9989,59.8945,0.3447,0.3305,10.7136
0.1639,0.9986,58.8482,0.3713,0.7494,9.3255
0.1461,0.9989,56.6928,0.3330,0.9862,6.0731
0.1969,0.9983,58.7919,0.3345,0.7196,2.8555
0.1435,0.9982,59.5020,0.2550,0.7627,13.1082
0.1169,0.9976,59.4294,0.1992,0.6166,3.5798
0.1651,0.9993,57.9008,0.2774,0.9914,9.6477
0.1482,0.9971,59.6693,0.2605,0.5325,16.5662
0.1517,0.9980,57.1299,0.3469,0.9893,16.3360
0.0939,0.9987,59.3639,0.2487,0.6626,11.5766
0.1501,0.9982,59.7560,0.3106,0.6155,7.8975
0.1785,0.9988,54.9352,0.2634,0.9685,11.9200
0.1154,0.9991,59.1742,0.3600,0.9806,7.3451
0.1658,0.9976,59.2875,0.2732,0.8877,3.3862
0.2733,0.9971,55.9272,0.3002,0.9938,8.3375
0.0892,0.9997,55.5940,0.3746,0.9803,13.1392
0.1330,0.9977,57.0853,0.2262,0.8004,2.1881
0.1588,0.9991,59.6259,0.1706,0.9879,5.9904
0.1866,0.9987,55.8993,0.4608,0.9873,12.1772
0.1463,0.9997,55.3530,0.2823,0.9885,11.9410
0.1657,0.9983,56.2723,0.4460,0.9766,6.5494
0.1102,0.9982,59.3629,0.2293,0.9221,6.6116
0.1056,0.9995,59.4201,0.3363,0.9811,7.0708
0.1090,0.9982,59.7034,0.2751,0.4608,5.3050
0.1190,0.9988,59.9993,0.2262,0.4714,10.1538
0.1694,0.9974,59.1502,0.2182,0.5607,0.8261
0.1262,0.9989,59.6423,0.2342,0.8107,9.2453
0.1418,0.9977,59.4829,0.2592,0.7260,2.7912
0.1598,0.9983,58.4079,0.3060,0.8978,3.6028
0.1844,0.9989,57.5312,0.2967,0.9881,7.1111
0.0641,0.9985,58.3922,0.3063,0.5094,10.0673
0.1078,0.9978,55.6164,0.2049,0.7673,10.9420
0.1267,0.9981,57.2659,0.2692,0.7957,2.3592
0.1642,0.9990,58.3942,0.2808,0.6534,4.7278
0.1177,0.9990,58.6940,0.2180,0.5520,8.7217
0.1314,0.9983,59.2759,0.2875,0.9578,4.3051
0.2012,0.9989,59.2656,0.2366,0.9841,9.6549
0.1366,0.9987,59.0839,0.2783,0.6635,4.9470
0.1036,0.9978,55.8750,0.2634,0.5603,15.0047
0.1348,0.9983,59.8927,0.2261,0.3395,13.0305
0.1522,0.9982,57.0166,0.2829,0.9891,9.4544
0.1735,0.9980,59.2977,0.2656,0.9719,11.2354
0.1098,0.9993,59.0857,0.2440,0.9871,5.6237
0.1024,0.9981,59.6627,0.2612,0.6145,4.4942
0.1085,0.9982,58.5850,0.1640,0.6066,5.1536
0.1463,0.9975,59.7379,0.3351,0.7802,3.3539
0.1559,0.9989,56.9766,0.3119,0.9891,2.1165
0.0777,0.9980,59.4679,0.1833,0.7485,25.4007
0.1309,0.9979,58.8465,0.3418,0.5010,10.1630
0.2003,0.9985,59.8770,0.3593,0.9853,11.2577
0.0958,0.9992,58.8350,0.1297,0.9918,15.2926
0.1107,0.9992,58.7789,0.4434,0.9798,4.1861
0.0834,0.9981,56.4879,0.2883,0.3972,4.5017
0.1426,0.9983,59.1247,0.2537,0.6070,1.9136
0.1111,0.9996,59.6130,0.2765,0.9913,8.3350
0.2897,0.9988,57.4412,0.3514,0.9951,7.7002
0.1517,0.9990,59.5500,0.3440,0.5214,6.8300
0.1560,0.9982,57.7525,0.2408,0.9219,7.8684
0.1527,0.9982,59.8947,0.2402,0.7115,12.8029
0.0944,0.9991,56.4191,0.4596,0.9661,6.4867
0.1164,0.9991,55.7502,0.3710,0.9772,2.3412
0.1970,0.9973,59.9712,0.3825,0.8146,7.0503
0.1487,0.9979,59.1153,0.2571,0.7660,11.0100
0.0714,0.9990,59.2888,0.3168,0.4423,7.5210
0.1726,0.9982,59.8168,0.2718,0.6488,5.8179
0.0962,1.0000,59.1355,0.3028,0.9932,6.3687
0.1556,0.9981,58.2178,0.2650,0.6594,4.4993
0.0868,0.9989,57.8979,0.2743,0.7419,5.6273
0.1209,0.9989,59.6157,0.1728,0.9701,11.3943
0.1153,0.9988,59.9070,0.3014,0.7758,9.7132
0.1154,0.9980,57.4577,0.2623,0.7033,5.2951
0.1969,0.9976,58.3056,0.2893,0.9390,4.1051
0.0795,0.9989,57.5636,0.1314,0.9941,17.1071
0.1352,0.9976,59.4269,0.2591,0.8542,0.9193
0.1331,0.9982,59.9767,0.2045,0.7202,12.2151
0.1321,0.9994,57.6927,0.2621,0.9932,6.3637
0.1552,0.9982,59.5409,0.2107,0.9828,13.1485
0.1024,0.9992,57.4877,0.1192,0.9975,10.2489
0.1020,0.9982,58.7856,0.3386,0.7120,0.3655
0.1476,0.9983,59.6125,0.4285,0.5290,0.9414
0.1387,0.9975,59.6547,0.2336,0.9447,10.9687
0.0988,0.9992,57.9880,0.1205,0.9830,10.0549
0.2302,0.9986,59.6837,0.2579,0.8741,3.2883
0.1519,0.9981,59.4689,0.2411,0.9858,9.1695
0.1700,0.9977,59.8009,0.3344,0.7622,6.8439
0.1574,0.9972,58.3671,0.2161,0.9076,0.6547
0.1720,0.9983,58.6680,0.2245,0.6548,12.6492
0.1918,0.9983,57.3785,0.2249,0.9843,4.8693
0.1574,0.9983,55.0428,0.1980,0.9071,13.0089
0.1632,0.9995,59.5535,0.1840,0.9938,9.3967
0.1019,0.9978,58.8489,0.1916,0.2827,5.0156
0.1285,0.9986,59.9008,0.2836,0.9720,7.8684
0.1556,0.9990,55.0439,0.2426,0.9849,13.2592
0.1242,0.9985,59.5686,0.1748,0.4472,5.3447
0.1016,0.9983,59.2301,0.2401,0.5124,13.1916
0.1190,0.9986,59.8508,0.2551,0.3355,6.0173
0.2097,0.9985,54.9968,0.4309,0.9745,1.8793
0.0955,0.9987,59.8398,0.3819,0.5888,8.7103
0.1799,0.9994,58.1203,0.2561,0.9946,7.3540
0.1491,0.9993,59.9104,0.2032,0.9807,12.4330
0.1699,0.9975,59.9486,0.2242,0.6603,11.5181
0.1541,0.9991,59.1635,0.3665,0.5327,7.9018
0.0967,0.9982,59.4494,0.1900,0.8086,1.9299
0.0947,0.9981,59.8966,0.2340,0.3126,6.9066
0.0954,0.9992,59.3422,0.3556,0.4249,6.8283
0.1081,0.9985,59.4628,0.2055,0.9883,16.2147
0.1451,0.9989,58.1062,0.1632,0.9911,3.5201
0.1625,0.9979,59.8321,0.2778,0.8423,1.6315
0.1483,0.9984,59.5682,0.3174,0.8868,8.2591
0.1930,0.9997,59.1554,0.2575,0.9977,13.5166
0.1498,0.9979,58.4025,0.1864,0.9126,10.7721
0.1526,0.9984,59.7406,0.2882,0.9886,3.7847
0.1753,0.9989,59.8218,0.3343,0.5099,5.4323
0.1637,0.9975,59.2997,0.1758,0.6547,3.5447
0.0932,0.9977,59.4499,0.2640,0.5572,3.4890
0.1236,0.9987,59.2253,0.2836,0.7789,7.7156
0.0960,0.9985,58.4496,0.1246,0.9327,0.1805
0.1302,0.9984,59.6811,0.1827,0.6243,16.5384
0.1256,0.9982,59.2780,0.2890,0.8875,0.5150
0.1391,0.9973,59.8098,0.3771,0.7355,8.9633
0.1760,0.9982,59.8836,0.3350,0.8713,5.2788
0.1429,0.9980,59.4688,0.2762,0.8300,3.1738
0.1243,0.9986,59.7617,0.2638,0.2393,10.2979
0.1763,0.9983,59.7316,0.2323,0.2949,14.4902
0.0949,0.9991,58.0779,0.3470,0.9675,5.3621
0.1209,0.9991,56.8686,0.4282,0.9720,4.1036
0.1002,0.9976,57.7466,0.1076,0.9870,4.5826
0.1839,0.9979,58.4464,0.2868,0.4638,15.1814
0.1467,0.9978,59.0497,0.2400,0.6997,6.2309
0.0953,0.9988,59.5488,0.4379,0.9683,1.4775
0.1344,0.9996,58.6700,0.2177,0.9901,15.3175
0.1589,0.9978,59.5053,0.4005,0.8032,2.5493
0.1257,0.9986,57.8696,0.2292,0.4015,10.8005
0.0918,0.9983,59.0993,0.2778,0.6423,2.4256
0.1605,0.9977,59.2533,0.2735,0.7863,13.2872
0.1589,0.9986,58.6289,0.3230,0.5491,3.7818
0.0996,0.9987,59.9872,0.2416,0.1417,13.8469
0.1519,0.9975,58.8793,0.3029,0.6880,9.7399
0.0927,0.9991,59.9498,0.4070,0.5555,8.3963
0.1024,0.9977,59.5615,0.3558,0.6782,2.2840
0.2052,0.9972,59.2512,0.2664,0.4304,10.6579
0.1601,0.9988,59.7130,0.2873,0.5690,10.4471
0.1013,0.9977,59.3699,0.3531,0.7662,4.7036
0.1646,0.9977,59.2044,0.3237,0.8747,14.7811
0.1236,0.9993,59.9254,0.1906,0.2425,17.6799
0.1053,0.9974,59.5553,0.2136,0.4663,5.4751
0.1546,0.9988,58.2428,0.3737,0.9839,8.8351
0.2097,0.9985,59.6931,0.3414,0.9838,14.4047
0.1166,0.9996,57.5140,0.2450,0.9936,13.6081
0.1462,0.9979,59.9188,0.1602,0.7525,4.3191
0.1457,0.9974,59.5460,0.3307,0.6823,11.5658
0.1686,0.9973,59.6277,0.2268,0.8105,5.3320
0.1631,0.9972,59.9298,0.3700,0.8031,10.1587
0.1912,1.0000,51.8411,0.2899,0.9948,5.3072
0.1895,0.9977,59.3395,0.2477,0.3684,4.3459
0.1377,0.9987,59.6576,0.2067,0.6215,10.0662
0.0964,0.9997,55.8630,0.1341,0.9952,1.8514
0.0892,0.9984,58.8263,0.1077,0.9939,0.8244
0.1148,0.9991,58.1940,0.4487,0.6970,4.5907
0.1658,0.9979,59.2986,0.2365,0.1751,13.3552
0.1293,0.9979,59.7100,0.2479,0.9139,0.0063
0.1572,0.9983,59.6338,0.2953,0.3055,6.0439
0.1296,0.9979,58.0352,0.2790,0.9147,5.5522
0.1860,0.9972,59.5339,0.3204,0.5805,0.1923
0.1363,0.9975,59.7778,0.2355,0.3263,5.1709
0.1386,0.9980,56.1122,0.2886,0.9869,6.1301
0.1329,0.9993,57.6505,0.3162,0.9923,3.7315
0.1555,0.9980,59.7787,0.2110,0.8230,5.5090
0.1336,0.9975,58.2585,0.3653,0.6952,8.6609
0.1630,0.9978,59.9097,0.2805,0.9706,17.1985
0.2657,0.9986,55.6299,0.3635,0.9890,0.5512
0.1275,0.9982,59.7074,0.3451,0.4543,9.9746
0.1376,0.9988,58.3473,0.3445,0.8913,5.2026
0.1535,0.9983,59.6067,0.2327,0.6249,10.9859
0.1833,0.9986,58.1126,0.2257,0.9780,6.4344
0.1352,0.9981,59.8496,0.2588,0.5539,1.9799
0.0940,0.9979,59.4237,0.2427,0.5814,13.9248
0.1117,0.9983,59.3452,0.2923,0.3584,10.7049
0.1339,0.9990,59.4688,0.1929,0.5700,8.5236
0.1043,0.9981,58.3864,0.1945,0.9802,8.7418
0.1086,0.9983,59.7808,0.3447,0.8316,10.7805
0.1110,0.9989,59.8059,0.2897,0.8822,6.3545
0.1741,0.9984,58.5611,0.2940,0.9823,3.7431
0.0880,0.9987,59.0979,0.2839,0.7057,17.4907
0.1335,0.9972,58.6016,0.1728,0.7465,2.1536
0.1205,0.9981,58.5727,0.3036,0.7323,12.5103
0.1269,0.9997,59.0927,0.3712,0.9796,12.7669
0.1022,0.9987,59.8536,0.2428,0.5498,1.0525
0.1656,0.9995,56.8733,0.2908,0.9952,14.3473
0.0752,0.9992,58.1074,0.4158,0.3966,6.7921
0.2657,0.9986,48.4001,0.3123,0.9928,3.4177
0.1841,0.9982,59.9039,0.2319,0.8474,2.4156
0.1637,0.9980,59.9297,0.4676,0.5236,8.4700
0.1412,0.9980,59.6425,0.2192,0.5968,13.8389
0.1821,0.9984,59.8353,0.2933,0.8550,12.9096
0.0777,0.9980,59.7966,0.3565,0.3116,7.5157
0.1034,0.9976,59.7388,0.2573,0.8456,1.8298
0.1144,0.9985,58.9847,0.1243,0.8375,11.2404
0.1109,0.9989,54.2480,0.2702,0.9863,8.6345
0.1655,0.9980,59.4240,0.3434,0.4378,5.2043
0.1319,0.9973,59.0479,0.2469,0.3875,0.5374
0.2098,0.9981,59.8658,0.4475,0.8405,4.2396
0.1074,0.9989,58.9607,0.1861,0.5178,13.6738
0.1744,0.9982,59.6805,0.2379,0.9303,5.3629
0.1187,0.9985,58.6034,0.1838,0.9903,6.6569
0.1514,0.9979,59.4458,0.1932,0.9273,12.2365
0.1252,0.9977,59.3202,0.2317,0.6671,9.4569
0.1194,0.9987,57.1169,0.2568,0.9568,15.0823
0.1205,0.9990,52.5493,0.1655,0.9937,15.8108
0.2851,0.9988,59.1197,0.3097,0.9950,13.0382
0.0911,0.9988,58.9021,0.2561,0.6389,11.8131
0.1093,0.9983,59.6974,0.3890,0.1372,8.2904
0.1069,0.9984,57.4577,0.1427,0.5555,9.1031
0.0897,0.9975,59.3932,0.2741,0.6426,7.3307
0.1198,0.9987,59.4377,0.3116,0.6042,11.9479
0.1428,0.9992,58.7633,0.2186,0.7328,5.1388
0.1624,0.9975,58.4727,0.2180,0.9894,10.0515
0.1331,0.9990,59.7462,0.2545,0.0189,3.5424
0.1461,0.9985,59.8877,0.1555,0.9943,4.4981
0.1255,0.9975,59.2806,0.2565,0.4877,0.4023
0.0733,0.9985,59.0645,0.0733,0.9981,13.2424
0.1089,0.9982,57.2808,0.2268,0.8299,7.7621
0.1567,0.9989,59.8281,0.2608,0.5654,5.2350
0.1291,0.9982,58.7675,0.3132,0.8103,4.3985
0.1217,0.9989,59.6279,0.2639,0.8110,9.7497
0.0911,0.9986,58.2396,0.3510,0.7329,10.8917
0.1334,0.9980,59.6408,0.2600,0.6123,7.2133
0.1708,0.9993,57.7850,0.2193,0.9760,13.8774
0.1422,0.9986,59.6100,0.3357,0.7200,11.3649
0.1333,0.9979,59.3125,0.3169,0.9095,4.6405
0.1278,0.9979,59.4138,0.2632,0.7162,2.1184
0.0998,0.9986,58.1954,0.4516,0.5869,5.8177
0.1253,0.9992,59.4196,0.3588,0.3737,10.3677
0.1169,0.9994,55.4961,0.3310,0.9789,6.8574
0.1096,0.9975,58.5041,0.1971,0.2223,5.0631
0.1180,0.9992,56.7705,0.2714,0.9786,7.2144
0.1742,0.9988,53.2450,0.2757,0.9950,4.7260
0.1130,0.9989,59.7798,0.2025,0.6767,6.1928
0.1211,0.9976,59.2632,0.2223,0.3954,13.6838
0.0912,0.9980,58.8128,0.3064,0.6567,6.0619
0.1222,0.9985,59.7940,0.2942,0.8649,11.9896
0.1238,0.9989,59.6495,0.1711,0.9928,11.3345
0.1163,0.9982,59.6956,0.2369,0.5761,8.6595
0.1110,0.9982,57.9686,0.3659,0.7788,7.7989
0.1130,0.9981,58.2455,0.2130,0.7040,19.8021
0.0840,0.9992,59.4691,0.4789,0.9598,7.8536
0.1192,0.9978,59.6872,0.3431,0.7729,2.2652
0.1058,0.9979,59.5766,0.3509,0.3440,11.6132
0.1514,0.9983,59.7429,0.2074,0.7330,0.2455
0.1478,0.9983,58.9696,0.3219,0.6210,12.1716
0.1284,0.9985,56.8839,0.3167,0.8318,15.1907
0.2032,0.9982,55.9984,0.2333,0.5699,0.3681
0.1381,0.9979,59.4941,0.1463,0.8355,8.7249
0.1016,0.9986,59.4289,0.2490,0.4767,13.8535
0.1128,0.9978,56.0814,0.2031,0.6349,4.1867
0.1241,0.9986,59.7652,0.1558,0.6061,3.0911
0.1426,0.9973,59.7155,0.1760,0.6189,5.5916
0.1196,0.9975,59.4346,0.2360,0.5808,7.0599
0.1076,0.9979,59.8313,0.1603,0.4050,12.9200
0.0816,0.9992,59.5345,0.3768,0.3234,7.4668
0.1381,0.9983,59.4327,0.1815,0.6775,15.4466
0.2048,0.9996,57.3625,0.2737,0.9952,5.8550
0.1360,0.9984,58.0223,0.3088,0.7708,6.2030
0.1797,0.9978,59.5310,0.4065,0.9285,7.2558
0.1027,0.9992,58.3326,0.2876,0.9852,5.9006
0.1096,0.9980,58.4571,0.2735,0.5392,14.6849
0.0975,0.9985,59.8581,0.2752,0.9615,11.0685
0.1552,0.9975,57.6318,0.2375,0.9880,8.4255
0.2227,0.9981,58.5675,0.2275,0.7541,9.3035
0.1313,0.9987,58.4400,0.1721,0.9972,11.5342
0.0934,0.9987,57.1162,0.3086,0.4394,1.0614
0.1622,0.9985,57.0359,0.3860,0.8630,2.3194
0.1354,0.9977,59.1521,0.1486,0.9937,2.8232
0.1197,0.9989,59.9227,0.2066,0.9258,4.1142
0.1504,0.9983,58.8994,0.1990,0.6209,11.2648
0.2094,0.9974,56.2532,0.2575,0.6913,5.9190
0.1403,0.9971,56.0433,0.2808,0.5156,4.8913
0.1223,0.9975,58.6054,0.1737,0.6494,14.5688
0.1250,0.9985,59.4869,0.2086,0.6709,2.4765
0.0551,0.9988,59.8830,0.2848,0.4681,12.5738
0.1246,0.9976,58.2071,0.2190,0.8113,7.7088
0.1535,0.9983,59.9291,0.2101,0.8923,16.8660
0.0893,0.9980,59.2709,0.2135,0.6666,11.6788
0.1354,0.9981,59.6825,0.2085,0.5721,16.1768
0.1276,0.9984,58.4313,0.2980,0.7528,13.7665
0.1475,0.9984,58.2632,0.2790,0.9646,1.0042
0.1988,0.9987,55.0478,0.2070,0.9884,17.8630
0.0970,1.0000,57.9122,0.2213,0.9868,7.3946
0.0923,0.9984,59.9226,0.1436,0.5513,7.9881
0.1134,0.9988,59.6504,0.2784,0.2467,6.8496
0.1861,0.9978,57.3552,0.2839,0.9843,15.5571
0.1143,0.9974,59.5642,0.3002,0.5759,1.5749
0.1564,0.9992,58.2681,0.2439,0.9912,14.9204
0.0570,0.9988,59.0267,0.1799,0.9794,4.3322
0.1314,0.9987,57.1439,0.2881,0.9699,11.9624
0.1734,0.9986,59.8245,0.2562,0.5731,2.5253
0.0779,0.9994,58.4413,0.3961,0.5843,0.8167
0.1669,0.9984,52.0552,0.3765,0.9691,2.2654
0.1284,0.9977,59.2366,0.2337,0.5097,10.8878
0.1717,0.9986,59.0588,0.2788,0.0335,7.0532
0.1123,0.9976,59.4464,0.1581,0.7005,4.8109
0.1823,0.9978,59.2937,0.2508,0.7926,3.8106
0.0995,0.9985,59.1622,0.2181,0.8575,7.1134
0.1572,0.9984,59.0954,0.2369,0.0494,17.4147
0.1108,0.9976,59.4192,0.2629,0.7268,14.2203
0.1821,0.9979,59.9898,0.1987,0.7340,7.9461
0.2013,0.9981,59.4256,0.2903,0.9864,14.1806
0.1426,0.9983,59.9162,0.1537,0.8724,15.2427
0.1286,0.9984,59.7020,0.2456,0.9819,8.2477
0.1373,0.9988,58.6346,0.4447,0.7718,9.0267
0.1790,0.9995,59.4820,0.3337,0.9937,0.5276
0.1860,0.9993,54.9196,0.2484,0.9821,7.0088
0.1166,0.9982,59.9886,0.3756,0.5359,5.1373
0.1541,0.9983,59.4770,0.4358,0.8287,6.8572
0.1284,0.9985,59.8311,0.2759,0.9826,16.5204
0.1588,0.9977,57.2141,0.2385,0.9930,8.3681
0.0737,0.9998,58.3360,0.2478,0.9866,11.0203
0.1224,0.9980,59.6358,0.3076,0.7569,4.3810
0.1666,0.9990,58.0162,0.2352,0.9902,13.8478
0.1414,0.9977,59.7803,0.3150,0.7023,10.1487
0.1638,0.9980,59.4002,0.1759,0.6029,7.0466
0.1120,0.9985,59.1727,0.3117,0.7150,12.2990
0.1205,0.9978,57.5393,0.2631,0.8101,6.8107
0.1217,0.9991,58.6198,0.4516,0.4692,9.7951
0.1918,0.9970,58.2574,0.3645,0.8243,9.5601
0.1783,0.9974,59.8160,0.2513,0.5483,0.0556
0.2166,0.9992,59.5188,0.2944,0.9936,12.1845
0.0973,0.9989,59.9010,0.3494,0.5083,13.0742
0.0918,0.9999,59.2737,0.3785,0.9883,13.3111
0.0899,0.9982,59.5203,0.2761,0.5440,8.0512
0.1669,0.9979,55.4605,0.1845,0.8649,14.6086
0.1535,0.9974,56.5550,0.1714,0.9918,16.3790
0.1587,0.9976,59.7786,0.1669,0.9104,9.0090
0.1659,0.9990,55.8006,0.3021,0.9866,2.0101
0.0653,0.9995,55.4416,0.1803,0.9803,4.8462
0.1079,0.9989,58.9576,0.2569,0.8345,11.9177
0.2305,0.9979,58.8219,0.2982,0.9930,1.0216
0.0854,0.9986,57.3444,0.1679,0.9904,0.3837
0.1005,0.9982,59.2851,0.2379,0.5528,10.5534
0.1454,0.9988,58.6544,0.2420,0.4819,3.5170
0.1794,0.9975,59.6176,0.2653,0.5481,3.0673
0.1043,0.9987,58.5486,0.3125,0.5938,6.4453
0.1475,0.9974,59.6144,0.2527,0.7045,16.5014
0.2115,0.9986,59.2162,0.4365,0.9885,9.7328
0.2238,0.9982,59.2135,0.3907,0.9610,2.6311
0.1132,0.9981,59.9385,0.2109,0.4095,11.7146
0.1394,0.9986,59.5309,0.2711,0.9841,12.1343
0.1602,0.9981,59.7803,0.1975,0.7489,1.0214
0.0876,0.9993,53.7094,0.2140,0.9862,10.4449
0.1085,0.9981,58.9773,0.2858,0.7641,6.1141
0.1201,0.9988,59.8930,0.4406,0.7560,8.1056
0.1802,0.9987,58.2608,0.1874,0.7787,6.3791
0.1379,0.9982,59.2346,0.2349,0.8833,12.2303
0.1326,0.9997,58.7536,0.2647,0.9929,12.1378
0.1196,0.9973,59.5965,0.1447,0.5046,2.6337
0.1641,0.9999,59.3743,0.3884,0.9875,8.7814
0.0494,0.9992,58.7376,0.4302,0.1727,7.3076
0.1219,0.9987,58.0901,0.3042,0.7053,9.9030
0.1449,0.9982,59.5940,0.2439,0.5847,1.2573
0.1228,0.9984,59.9049,0.2965,0.1325,5.7952
0.1115,0.9985,57.5984,0.2067,0.8242,7.3497
0.0828,0.9991,56.5235,0.2525,0.9782,11.9027
0.1200,0.9980,58.3153,0.3877,0.7563,9.5879
0.1198,0.9996,59.1311,0.4048,0.6153,15.4128
0.1292,0.9975,58.5417,0.2672,0.8202,4.4681
0.1229,0.9991,57.7808,0.3119,0.9924,22.3037
0.0724,0.9987,59.1536,0.3886,0.4192,11.4979
0.0943,0.9983,58.2520,0.2337,0.9782,1.3058
0.1206,0.9986,59.3950,0.2792,0.4318,9.7845
0.1444,0.9977,59.8427,0.2629,0.8861,10.7766
0.1139,0.9982,59.7855,0.4077,0.7096,2.0064
0.1876,0.9981,59.4015,0.2949,0.6195,8.1954
0.1428,0.9971,59.5111,0.2713,0.8649,1.6506
0.1322,0.9983,59.9706,0.1979,0.5777,14.3764
0.1109,0.9982,58.7870,0.3050,0.6730,4.6936
0.1299,0.9982,58.9171,0.3298,0.8427,5.1010
0.1303,0.9985,54.1293,0.2701,0.9901,5.1881
0.1424,0.9980,59.3712,0.2067,0.3124,14.1843
0.1547,0.9991,58.3233,0.2344,0.5191,3.5400
0.0793,0.9991,59.8921,0.3359,0.5532,9.9270
0.1656,0.9985,59.4409,0.2788,0.4451,12.7337
0.1137,0.9977,59.8326,0.1250,0.0174,3.4206
0.0827,0.9986,59.2764,0.1867,0.6073,2.8391
0.1820,0.9968,59.6255,0.2653,0.7254,10.2484
0.0932,0.9995,57.9084,0.2805,0.9895,1.5283
0.2072,0.9982,59.0749,0.4221,0.6561,2.0520
0.1173,0.9988,59.9296,0.2649,0.3658,8.6926
0.1822,0.9980,58.6882,0.2040,0.9635,6.1135
0.1452,0.9975,59.5275,0.3131,0.7479,1.3158
0.1934,0.9979,57.2201,0.3966,0.6762,7.1216
0.1103,0.9978,59.8342,0.3265,0.7006,0.8286
0.1848,0.9984,59.1349,0.3223,0.4114,9.1848
0.1176,0.9976,59.1105,0.2031,0.5948,2.4414
0.0965,0.9987,58.6921,0.1971,0.9840,13.9966
0.1451,0.9976,57.8485,0.1482,0.8492,10.4137
0.1268,0.9987,59.2697,0.2082,0.6872,2.6234
0.0940,0.9978,59.9241,0.2735,0.5137,3.2219
0.1241,0.9999,59.6160,0.1819,0.9913,12.2497
0.1282,0.9983,59.4778,0.2469,0.4197,5.4773
0.0629,0.9987,59.3345,0.2713,0.5613,38.8798
0.1014,0.9976,59.3374,0.2364,0.6043,10.7952
0.1175,0.9980,59.2010,0.4994,0.7242,11.3989
0.1810,0.9978,59.6555,0.1987,0.9809,5.9569
0.1550,0.9965,59.9072,0.2621,0.9400,3.7856
0.1730,0.9983,59.4343,0.2060,0.9930,7.1639
0.1500,0.9993,51.8393,0.1635,0.9907,14.4490
0.0665,0.9986,59.2148,0.3382,0.5614,7.6721
0.1098,0.9991,58.6352,0.3925,0.9806,9.6451
0.0844,0.9983,59.4639,0.2874,0.5283,15.4007
0.1487,0.9981,59.9377,0.3045,0.3245,11.4534
0.1658,0.9986,59.6394,0.2515,0.3464,8.9839
0.1886,0.9983,59.6435,0.2469,0.6705,8.5701
0.1124,0.9986,59.3513,0.2876,0.9853,7.2569
0.0878,0.9993,57.7834,0.1522,0.9927,10.1353
0.1220,0.9978,59.1724,0.1891,0.4917,8.9594
0.1510,0.9974,58.1591,0.2652,0.4046,18.3566
0.1173,0.9982,57.2834,0.1697,0.9495,1.4414
0.2308,0.9984,59.5112,0.2564,0.9882,3.6295
0.1101,0.9983,58.8685,0.1570,0.6981,1.7974
0.1753,0.9978,57.2955,0.2828,0.9801,8.8813
0.1273,0.9975,58.7551,0.1982,0.8084,10.5233
0.1420,0.9982,58.9904,0.3026,0.9392,3.8386
0.0495,0.9992,58.1979,0.1650,0.9785,5.9522
0.0988,0.9988,59.1338,0.2758,0.8539,4.7900
0.1829,0.9981,58.3295,0.2878,0.7500,9.2470
0.1319,0.9981,58.8700,0.1542,0.8398,1.1351
0.1591,0.9997,59.2645,0.4609,0.9919,15.6778
0.1044,0.9984,57.6097,0.1055,0.8241,12.2621
0.1275,0.9985,58.3402,0.2275,0.7162,9.3921
0.1552,0.9978,59.5306,0.2707,0.5469,12.7634
0.1709,0.9996,57.8921,0.1903,0.9938,2.8473
0.1610,0.9980,59.1543,0.2148,0.9835,6.1541
0.1756,0.9985,59.0893,0.2907,0.9825,12.0910
0.1424,0.9973,59.0172,0.2260,0.8985,16.5247
0.1441,0.9987,59.6777,0.2009,0.6189,3.9380
0.1350,0.9985,57.0378,0.3321,0.8521,4.7044
0.1664,0.9977,59.4445,0.2063,0.8859,11.2028
0.1070,0.9983,58.9715,0.1640,0.9602,13.3413
0.1526,0.9981,59.0344,0.1862,0.8634,14.8032
0.1895,0.9985,59.0840,0.4485,0.7940,10.3229
0.1348,0.9984,59.7736,0.3038,0.4723,15.2223
0.1231,0.9985,59.8655,0.1768,0.9544,1.3897
0.2309,0.9974,59.6408,0.3023,0.8131,7.9742
0.2053,0.9972,58.9273,0.3070,0.7614,0.5276
0.0814,0.9979,59.3993,0.2571,0.3511,3.4022
0.1118,0.9988,58.9149,0.2935,0.9862,13.6658
0.1591,0.9986,59.4305,0.2729,0.9729,14.0421
0.1160,0.9988,59.6382,0.1971,0.6980,7.2974
0.1523,0.9972,58.3475,0.2906,0.7884,12.0507
0.1029,0.9978,58.1708,0.2461,0.5683,7.5248
0.1603,0.9974,58.3238,0.1624,0.7880,13.0653
0.2021,0.9998,58.6320,0.2083,0.9987,0.8462
0.1461,0.9984,57.8456,0.2548,0.4846,9.4156
0.0919,0.9977,56.1764,0.2428,0.6268,4.3598
0.1177,0.9983,59.8029,0.2680,0.6994,13.4430
0.1717,0.9997,57.1937,0.5769,0.9824,10.6176
0.1819,0.9964,56.3180,0.2693,0.9925,6.8714
0.1148,0.9991,59.4321,0.2013,0.9604,4.5764
0.1317,0.9990,59.9553,0.3045,0.4873,0.5406
0.1321,0.9980,58.5477,0.1759,0.8726,7.1201
0.1412,0.9976,59.8692,0.2471,0.7714,3.4107
0.1196,0.9993,52.2756,0.1791,0.9945,17.4286
0.1935,0.9983,55.2585,0.2423,0.9953,15.5109
0.1069,0.9986,59.5503,0.3126,0.9793,16.9942
0.1148,0.9977,59.8818,0.2718,0.7760,2.9377
0.1600,0.9982,59.2736,0.1690,0.7379,2.4221
0.1017,0.9974,59.9975,0.1620,0.2137,21.6583
0.1813,0.9971,57.4732,0.2627,0.8240,6.9554
0.1191,0.9994,59.1698,0.1371,0.9961,19.8176
0.1614,0.9987,57.7735,0.2026,0.9880,0.3698
0.1317,0.9987,59.3390,0.1790,0.6775,0.7762
0.1109,0.9985,59.1593,0.2015,0.8698,2.4971
