0.0414,0.9920,44.8372,0.1598,0.9312,24.0104
0.1117,0.9880,39.8905,0.1203,0.8881,11.3017
0.0633,0.9901,43.2945,0.1453,0.9245,14.2949
0.1343,0.9823,41.1339,0.1430,0.3544,10.6535
0.0344,0.9927,48.9684,0.2259,0.8174,29.8496
0.0501,0.9916,34.4513,0.1780,0.8389,36.5138
0.0918,0.9868,39.7743,0.1113,0.0937,55.2204
0.1134,0.9901,35.6106,0.1549,0.9332,9.1970
0.0993,0.9865,37.3723,0.1182,0.7026,5.7791
0.0868,0.9874,45.0538,0.1043,0.4741,3.0420
0.0407,0.9931,34.0567,0.3180,0.7666,12.3803
0.0897,0.9871,38.3665,0.1309,0.7100,24.4490
0.0530,0.9878,38.2053,0.2806,0.7687,6.5379
0.0443,0.9941,35.3278,0.1497,0.8985,48.8359
0.0917,0.9907,34.3009,0.1862,0.3357,56.1221
0.0213,0.9909,49.3828,0.1355,0.9832,47.6668
0.0455,0.9939,29.8236,0.1340,0.9462,44.9321
0.0448,0.9903,37.8869,0.1889,0.5167,41.7076
0.1238,0.9873,38.0988,0.1530,0.9531,2.9624
0.0597,0.9906,36.8445,0.1098,0.8942,49.5334
0.0777,0.9867,39.7655,0.1466,0.8491,10.0158
0.0209,0.9962,25.8093,0.1314,0.9691,43.0252
0.0823,0.9879,41.2382,0.1171,0.8158,4.5043
0.0256,0.9949,25.2505,0.1164,0.9086,50.6466
0.1145,0.9858,36.8352,0.1914,0.2449,14.3231
0.0669,0.9901,42.2590,0.1568,0.9668,16.2493
0.1227,0.9916,32.5076,0.1245,0.9593,9.5324
0.0752,0.9898,36.4306,0.1350,0.5243,35.5710
0.0635,0.9919,29.1633,0.1089,0.9443,14.6785
0.0682,0.9941,32.3859,0.0800,0.9677,6.3465
0.1308,0.9874,38.7527,0.1739,0.7254,7.1220
0.0460,0.9944,30.1337,0.1049,0.9472,58.5421
0.0868,0.9876,38.9426,0.1458,0.7834,18.3443
0.0634,0.9904,37.5934,0.1763,0.6968,37.7054
0.0560,0.9903,36.9181,0.1687,0.7362,11.0472
0.0838,0.9906,30.7584,0.0999,0.7878,39.8867
0.0491,0.9912,32.8308,0.1021,0.9418,44.7955
0.1088,0.9888,34.0164,0.1161,0.8469,14.9022
0.0949,0.9878,44.4045,0.1616,0.3942,2.3531
0.0938,0.9900,29.2303,0.1627,0.8852,11.7765
0.0450,0.9913,47.8515,0.1383,0.9153,15.8767
0.0398,0.9912,42.2952,0.1050,0.9444,35.5843
0.0811,0.9863,45.8702,0.1205,0.6847,19.8124
0.0533,0.9932,33.5873,0.0961,0.9616,0.6649
0.1288,0.9872,41.3446,0.1485,0.1988,13.3476
0.1174,0.9879,39.0919,0.1812,0.8781,14.3295
0.1064,0.9867,36.6350,0.1493,0.6548,13.8008
0.0533,0.9883,37.2705,0.0902,0.8928,1.7434
0.0567,0.9902,34.9139,0.1116,0.8231,15.5906
0.0186,0.9961,35.1490,0.2466,0.8769,18.8885
0.1009,0.9845,51.2571,0.1454,0.3668,12.1203
0.1175,0.9863,37.9533,0.1341,0.1045,7.9119
0.0785,0.9863,40.3837,0.1301,0.7463,9.0812
0.0273,0.9953,26.3617,0.1481,0.9333,47.2130
0.0468,0.9889,39.8579,0.2338,0.7741,14.4380
0.0274,0.9933,38.3403,0.3415,0.6099,2.7642
0.1084,0.9848,37.0383,0.1134,0.3749,14.5894
0.1019,0.9907,32.9084,0.1047,0.6802,22.7185
0.1029,0.9884,34.0781,0.1366,0.6943,48.8649
0.0627,0.9914,38.3493,0.1385,0.9414,12.5093
0.0823,0.9879,47.0887,0.1621,0.2511,25.8123
0.0661,0.9885,38.9492,0.1304,0.3101,43.5473
0.1336,0.9863,33.0200,0.1455,0.0869,8.1456
0.0481,0.9903,39.9389,0.1528,0.8604,20.1113
0.0972,0.9886,40.5772,0.1153,0.5885,2.2849
0.0907,0.9908,32.6657,0.2071,0.8670,7.7130
0.0834,0.9882,36.5599,0.2808,0.7848,8.7059
0.1232,0.9890,35.1870,0.1640,0.8145,9.8517
0.1012,0.9894,45.0887,0.2131,0.9779,20.3029
0.0788,0.9889,40.0132,0.1332,0.8027,6.5546
0.0368,0.9938,30.6067,0.1402,0.9068,5.7892
0.0326,0.9940,38.6198,0.1593,0.9365,35.2292
0.1686,0.9879,32.1721,0.1748,0.7418,13.0278
0.0789,0.9909,33.0566,0.1694,0.9373,19.0411
0.0952,0.9892,51.3825,0.1045,0.9617,6.1752
0.0892,0.9868,43.4505,0.1210,0.7658,8.3888
0.1265,0.9841,40.3500,0.1598,0.6094,8.0141
0.0462,0.9904,43.2930,0.2866,0.7126,5.6126
0.1464,0.9870,34.6687,0.1576,0.6334,9.8898
0.1133,0.9853,38.0964,0.1186,0.5806,12.8140
0.0412,0.9902,38.6407,0.1595,0.8103,21.0096
0.0476,0.9917,37.8652,0.2664,0.7472,13.6709
0.1063,0.9865,33.0277,0.1771,0.0973,5.8481
0.1354,0.9859,37.8411,0.1355,0.6258,4.3570
0.0724,0.9907,31.7941,0.1130,0.9040,51.6012
0.0979,0.9814,50.4885,0.2003,0.5657,2.5666
0.0903,0.9870,43.1124,0.1122,0.8382,12.6965
0.1016,0.9910,30.1159,0.1181,0.7928,2.2069
0.1089,0.9866,41.2783,0.1930,0.7125,4.6230
0.0565,0.9906,39.4202,0.2091,0.8982,17.5791
0.0320,0.9942,32.5760,0.3097,0.8524,15.8881
0.0139,0.9981,22.7751,0.1971,0.9254,25.0973
0.1112,0.9838,40.0399,0.1974,0.5339,12.0185
0.1074,0.9875,40.0351,0.1285,0.4473,43.6396
0.1431,0.9873,31.5124,0.1810,0.2629,1.2423
0.0162,0.9975,30.7838,0.2704,0.8781,6.3482
0.0642,0.9866,46.1010,0.2344,0.8102,11.8727
0.1300,0.9906,31.1481,0.1330,0.3191,11.3896
0.0899,0.9906,32.3839,0.1156,0.7812,17.5779
0.1026,0.9898,40.8162,0.1107,0.9615,20.3394
0.1657,0.9860,37.9072,0.1714,0.1992,4.8871
0.1211,0.9855,46.4373,0.1268,0.5777,11.4089
0.0339,0.9929,33.1091,0.1183,0.9361,33.0496
0.1040,0.9857,35.6135,0.1289,0.5770,7.9562
0.0930,0.9852,34.8598,0.2208,0.5350,10.8820
0.0965,0.9869,37.8477,0.1020,0.9586,42.1698
0.0431,0.9923,34.6546,0.1735,0.8912,33.6497
0.0335,0.9945,36.8102,0.1989,0.8615,13.7832
0.0943,0.9860,51.1392,0.1421,0.9124,27.4552
0.1158,0.9884,32.0229,0.1635,0.4566,20.0766
0.0908,0.9885,40.1555,0.1358,0.6409,0.7191
0.0517,0.9889,46.9999,0.1318,0.8982,23.4811
0.0774,0.9916,28.7196,0.1580,0.7166,26.7737
0.0350,0.9928,42.6482,0.1606,0.8851,22.0416
0.1394,0.9864,34.6646,0.1411,0.7467,1.5360
0.0749,0.9909,41.8031,0.1181,0.9689,23.2457
0.0374,0.9919,46.4744,0.0921,0.9699,6.5809
0.0425,0.9923,34.3362,0.1726,0.9626,57.1862
0.0491,0.9929,41.1980,0.1543,0.9829,15.7968
0.0130,0.9972,29.9935,0.3653,0.7840,16.1271
0.0650,0.9904,32.9639,0.0687,0.3855,7.2547
0.0883,0.9871,44.6984,0.1471,0.4158,8.7899
0.0499,0.9883,35.7994,0.1547,0.6947,15.8768
0.1314,0.9900,33.1166,0.1408,0.7765,20.7097
0.0112,0.9973,36.2400,0.1074,0.9546,21.6728
0.1250,0.9862,37.2767,0.1630,0.7831,15.4403
0.0443,0.9907,42.5738,0.1195,0.9113,21.4391
0.0808,0.9888,29.7124,0.1036,0.6806,14.5405
0.0683,0.9873,45.3431,0.1781,0.6235,4.5117
0.0579,0.9919,39.1657,0.1235,0.9414,31.0366
0.1300,0.9849,45.6575,0.1792,0.1645,8.7616
0.1113,0.9856,44.8850,0.1555,0.7952,5.0033
0.0501,0.9888,47.9112,0.1157,0.9135,19.9979
0.1314,0.9847,39.6308,0.1681,0.4540,6.9290
0.1068,0.9898,37.4957,0.2511,0.8009,7.2320
0.1018,0.9860,40.1171,0.1949,0.4792,3.3794
0.1159,0.9829,47.5234,0.2436,0.0985,4.0996
0.0911,0.9830,52.1645,0.1088,0.5893,24.5296
0.0869,0.9832,43.3804,0.1592,0.2849,0.4959
0.0597,0.9899,38.1761,0.1446,0.9262,31.1796
0.0305,0.9931,40.5020,0.1700,0.9243,26.0641
0.1644,0.9859,39.7009,0.1652,0.8769,1.2981
0.1415,0.9840,53.5890,0.1733,0.4291,7.1149
0.0848,0.9870,37.1760,0.1516,0.5841,5.4317
0.0495,0.9907,37.9352,0.1209,0.9172,45.4107
0.0529,0.9929,30.2402,0.0550,0.9750,57.4378
0.0884,0.9881,31.6127,0.1255,0.8705,18.3422
0.0999,0.9877,39.7124,0.1527,0.9266,8.3731
0.0190,0.9963,34.2059,0.1453,0.9680,30.0068
0.0749,0.9873,38.1840,0.0985,0.7030,22.2655
0.0865,0.9876,36.0688,0.2199,0.9257,3.0151
0.0816,0.9883,40.6559,0.0961,0.6717,5.4939
0.0854,0.9884,40.8005,0.1963,0.7305,6.2319
0.0691,0.9937,28.7749,0.1169,0.9573,41.5911
0.0805,0.9898,38.2835,0.0936,0.8698,7.0713
0.1116,0.9874,33.8001,0.1613,0.9148,10.7855
0.0858,0.9888,37.6890,0.1191,0.0013,5.7752
0.0513,0.9920,37.5200,0.1250,0.7875,33.7349
0.1140,0.9852,45.9628,0.1422,0.3111,1.5850
0.0420,0.9950,32.3185,0.1309,0.9383,53.8780
0.0832,0.9934,24.7897,0.1060,0.9360,34.4061
0.0522,0.9927,32.2622,0.1606,0.9022,31.5843
0.1353,0.9907,36.3156,0.1715,0.9402,16.2119
0.1056,0.9814,41.7052,0.1432,0.1662,7.4362
0.0936,0.9892,29.0754,0.1150,0.8349,18.0341
0.1027,0.9896,33.4483,0.1050,0.6088,11.4313
0.0239,0.9951,30.1103,0.1790,0.8352,57.2298
0.0447,0.9904,44.4064,0.1903,0.8425,13.2079
0.0226,0.9948,49.9796,0.2460,0.8599,7.7427
0.1230,0.9873,32.1563,0.1538,0.7702,2.2873
0.0258,0.9928,34.5547,0.0949,0.8568,31.4180
0.0523,0.9898,43.8140,0.2033,0.4519,40.8803
0.0797,0.9876,32.8726,0.2026,0.7657,13.9981
0.0680,0.9883,40.6856,0.2379,0.8265,5.3134
0.1126,0.9886,35.7537,0.1596,0.2676,5.5694
0.0930,0.9863,46.7181,0.1233,0.7453,2.9919
0.1129,0.9875,41.3787,0.1790,0.7798,0.6713
0.0898,0.9904,40.1028,0.1146,0.9323,18.3808
0.0890,0.9848,44.1409,0.1394,0.8976,15.3441
0.1217,0.9834,45.5811,0.1384,0.1340,6.7852
0.0598,0.9898,33.4616,0.2428,0.7276,8.0578
0.0604,0.9887,53.3021,0.1213,0.9745,25.0479
0.0987,0.9877,38.0262,0.1823,0.5820,4.3530
0.0501,0.9924,23.9287,0.2687,0.6521,30.4105
0.0244,0.9939,36.2955,0.2217,0.9069,5.0343
0.0702,0.9934,24.2301,0.1174,0.9229,25.4502
0.1447,0.9860,39.0493,0.1794,0.4432,3.5124
0.0937,0.9863,36.9190,0.1395,0.2200,8.3549
0.0954,0.9884,36.7188,0.1105,0.8732,5.3075
0.0832,0.9911,38.4522,0.1262,0.9437,7.0891
0.0836,0.9876,35.0775,0.1274,0.9099,18.0349
0.0862,0.9892,30.5288,0.1364,0.8568,16.9754
0.1311,0.9854,39.0493,0.1320,0.3844,8.5774
0.0809,0.9899,42.2813,0.1253,0.9515,12.2310
0.0225,0.9932,38.7625,0.0750,0.9314,42.2368
0.0358,0.9942,32.1597,0.1833,0.8692,21.3074
0.0593,0.9872,41.6134,0.1236,0.5016,37.3326
0.0903,0.9861,38.3481,0.1409,0.3969,10.8438
0.0831,0.9867,40.8021,0.0988,0.8029,19.9699
0.0705,0.9877,42.9411,0.1544,0.4909,36.3751
0.0610,0.9916,37.6906,0.1257,0.9666,8.0577
0.0552,0.9919,29.1354,0.2140,0.6659,57.8429
0.0763,0.9890,43.2962,0.2013,0.3318,0.7033
0.0197,0.9937,28.4340,0.0832,0.9718,55.2813
0.0499,0.9920,28.5805,0.1951,0.7609,16.9277
0.1696,0.9843,37.6787,0.1963,0.4707,0.9504
0.0451,0.9921,38.3633,0.1716,0.9460,20.9554
0.0613,0.9915,33.8762,0.1246,0.8991,10.1908
0.1122,0.9872,37.9022,0.1821,0.2926,2.2130
0.0671,0.9914,34.7342,0.0789,0.9595,22.3897
0.1826,0.9854,26.7803,0.1838,0.7092,20.1597
0.0585,0.9901,40.5319,0.0948,0.9166,45.6409
0.0892,0.9859,38.9953,0.0982,0.4756,54.0697
0.0265,0.9948,40.3576,0.1810,0.8904,35.5176
0.0228,0.9912,59.0408,0.1616,0.9134,11.1582
0.1176,0.9842,45.2964,0.1331,0.3019,1.6977
0.1053,0.9892,52.1615,0.1156,0.9858,24.8144
0.0830,0.9849,42.0569,0.1052,0.7464,11.1312
0.0898,0.9866,41.3713,0.1877,0.8197,7.6288
0.0513,0.9924,32.1238,0.1472,0.8865,25.3480
0.1084,0.9851,34.5697,0.1381,0.0361,7.3340
0.1053,0.9880,40.3364,0.1109,0.8367,4.9046
0.1111,0.9913,30.5170,0.1221,0.6153,18.0810
0.0800,0.9930,31.7414,0.1296,0.9192,12.0306
0.0483,0.9937,23.4454,0.2405,0.7596,44.6983
0.0700,0.9887,40.6924,0.1574,0.7229,29.9009
0.0765,0.9880,41.9824,0.1903,0.8790,9.7621
0.0867,0.9859,43.7446,0.1429,0.4000,9.6090
0.1167,0.9854,36.3589,0.1454,0.8825,5.5702
0.1202,0.9896,34.1603,0.1320,0.5905,7.5119
0.0494,0.9923,36.7034,0.1451,0.9337,9.0247
0.0879,0.9881,30.9588,0.1061,0.9121,8.7146
0.0553,0.9918,34.7865,0.0944,0.9006,36.7750
0.0668,0.9863,41.1171,0.1595,0.8448,8.3421
0.0942,0.9862,38.3135,0.1215,0.3852,45.5752
0.1124,0.9892,25.2006,0.1530,0.2173,5.8660
0.1441,0.9839,50.2434,0.1476,0.3949,5.7214
0.0979,0.9831,49.9280,0.1805,0.6518,3.1866
0.0976,0.9878,35.5523,0.1285,0.6039,6.5874
0.1761,0.9855,31.1599,0.1998,0.7990,4.7354
0.0465,0.9921,42.5566,0.0911,0.9499,27.3863
0.0364,0.9934,35.9982,0.1842,0.9295,19.8844
0.0838,0.9871,47.6130,0.0996,0.9301,11.9296
0.1375,0.9871,27.6661,0.1573,0.5111,7.0723
0.0711,0.9887,37.3589,0.1464,0.7991,9.8820
0.0923,0.9887,26.6475,0.1841,0.7743,5.4497
0.1324,0.9850,33.3818,0.3083,0.5499,0.1402
0.0851,0.9910,35.8118,0.1771,0.9383,17.8437
0.0212,0.9948,34.5573,0.2102,0.9157,4.7320
0.0411,0.9914,36.6878,0.2041,0.6868,28.5347
0.0508,0.9907,38.0636,0.2061,0.6699,4.5392
0.0523,0.9906,40.5699,0.1080,0.8957,46.2619
0.0460,0.9920,31.9719,0.1641,0.8633,58.0791
0.0992,0.9898,29.7642,0.1309,0.5379,47.4705
0.1609,0.9874,35.2495,0.1963,0.5434,1.1002
0.1601,0.9855,31.5918,0.1849,0.4154,10.4236
0.0336,0.9947,31.0986,0.2595,0.8955,11.0580
0.1238,0.9856,43.7419,0.2118,0.5496,9.8781
0.1246,0.9910,28.5598,0.1852,0.9596,34.4174
0.0700,0.9897,24.8029,0.1630,0.9228,28.3897
0.0223,0.9963,23.8547,0.1186,0.9357,26.2800
0.1059,0.9890,38.1353,0.1450,0.6230,2.0295
0.0893,0.9869,34.0248,0.1975,0.6718,16.4319
0.1300,0.9858,42.1105,0.1391,0.2572,18.6383
0.0268,0.9936,38.2256,0.1360,0.9067,24.4458
0.0912,0.9844,41.9208,0.2339,0.5398,0.1169
0.0655,0.9906,43.2353,0.0897,0.9493,14.4908
0.1573,0.9839,40.7723,0.1706,0.3393,15.2482
0.0282,0.9927,49.0556,0.2289,0.7812,25.6067
0.0658,0.9902,34.4973,0.1459,0.9189,11.3453
0.0875,0.9884,38.9377,0.1813,0.1754,6.7669
0.0174,0.9959,40.9666,0.2066,0.8967,16.6288
0.0743,0.9877,39.6486,0.1335,0.8048,1.4915
0.0882,0.9872,40.2126,0.1336,0.3038,3.5578
0.0419,0.9924,38.9545,0.1449,0.9162,20.5123
0.0748,0.9898,41.7224,0.1504,0.8928,14.4974
0.1212,0.9866,43.3871,0.1532,0.5334,15.9873
0.1286,0.9864,33.9429,0.1308,0.6988,12.9092
0.1378,0.9864,36.7350,0.1541,0.0370,12.5910
0.1444,0.9841,40.3392,0.1716,0.1503,7.2104
0.0835,0.9865,41.9576,0.1092,0.7400,5.6806
0.1188,0.9871,38.7054,0.1310,0.0111,11.3342
0.1046,0.9881,37.1408,0.1226,0.4027,9.1804
0.0912,0.9860,45.8177,0.1747,0.7924,5.9055
0.0438,0.9931,30.7078,0.1956,0.8796,5.4238
0.1671,0.9845,35.1294,0.1975,0.4766,2.8665
0.0529,0.9882,43.9726,0.2610,0.7276,16.0297
0.0803,0.9918,30.7804,0.1085,0.9387,44.3181
0.1015,0.9891,24.7130,0.1945,0.6662,21.2373
0.0613,0.9881,33.8833,0.2937,0.6498,3.2837
0.0655,0.9908,35.1144,0.0980,0.9192,13.7745
0.0262,0.9957,34.4585,0.1692,0.9016,47.0059
0.0779,0.9893,43.6077,0.0987,0.9693,26.9386
0.0651,0.9905,33.0086,0.2093,0.8791,26.2530
0.1081,0.9892,38.1005,0.1649,0.9285,9.3524
0.0639,0.9869,45.3601,0.0708,0.6715,49.8596
0.1051,0.9916,34.7650,0.1215,0.9270,20.9346
0.0542,0.9940,26.1912,0.1307,0.9621,26.9325
0.0750,0.9908,39.2885,0.1778,0.9294,2.6201
0.0636,0.9890,37.6276,0.1783,0.3705,1.6873
0.1343,0.9841,38.4650,0.1383,0.6027,6.0159
0.1286,0.9883,40.4081,0.1764,0.6486,6.8231
0.0414,0.9966,29.4292,0.3243,0.9445,1.8258
0.0868,0.9906,42.8530,0.1215,0.9726,7.7471
0.0527,0.9911,27.7792,0.2262,0.7595,25.3722
0.0192,0.9956,37.9045,0.2279,0.8998,12.5918
0.1346,0.9856,39.8652,0.1858,0.1976,3.6695
0.0933,0.9872,38.0617,0.3354,0.5808,1.6661
0.0567,0.9906,38.1608,0.1126,0.9109,6.1219
0.1450,0.9840,41.9404,0.1892,0.5086,4.7196
0.0820,0.9864,48.8257,0.1410,0.8217,7.1513
0.0962,0.9903,34.6996,0.1346,0.8280,9.8802
0.0525,0.9919,33.3375,0.1149,0.9080,13.1501
0.0193,0.9945,31.4094,0.0988,0.9526,36.8860
0.1065,0.9853,41.5404,0.1313,0.2959,10.1790
0.0676,0.9905,29.9169,0.1857,0.7875,50.3964
0.0868,0.9840,57.6919,0.3653,0.3013,11.5996
0.0184,0.9960,27.3727,0.1443,0.9811,40.1403
0.0800,0.9898,30.1122,0.2090,0.9271,5.7416
0.1091,0.9871,44.1708,0.1141,0.9045,2.8260
0.0610,0.9872,40.3201,0.1667,0.4774,24.4048
0.1901,0.9856,33.0242,0.1908,0.4764,8.4181
0.0880,0.9896,35.0248,0.0890,0.3180,3.0136
0.0735,0.9923,31.2654,0.0831,0.9255,20.0958
0.0360,0.9918,49.5110,0.1188,0.8616,0.6703
0.0814,0.9867,36.5981,0.1619,0.4711,26.5151
0.1096,0.9867,38.7883,0.1300,0.5755,2.2485
0.1512,0.9882,34.5517,0.1786,0.1008,5.8311
0.0820,0.9851,39.8629,0.1703,0.4274,0.9217
0.0387,0.9938,26.1992,0.1453,0.9326,14.6616
0.0425,0.9936,28.4481,0.1388,0.9612,30.5159
0.0152,0.9975,40.1145,0.1150,0.9758,7.6691
0.0375,0.9917,38.9479,0.1389,0.9258,19.4837
0.1116,0.9881,30.3422,0.1534,0.5264,11.2001
0.0950,0.9893,37.9857,0.1098,0.7263,19.1002
0.0207,0.9958,29.3981,0.2227,0.8359,16.1815
0.0720,0.9862,48.5732,0.1891,0.8633,1.9165
0.1036,0.9887,25.0405,0.1610,0.9288,9.0494
0.0762,0.9918,26.7231,0.0773,0.8972,14.6991
0.0680,0.9857,45.3038,0.1221,0.9090,16.7243
0.0493,0.9916,42.1748,0.1675,0.9078,22.1386
0.0447,0.9929,29.8151,0.1349,0.9148,53.5336
0.1409,0.9889,34.6293,0.1599,0.0626,11.8518
0.0810,0.9901,39.5468,0.1182,0.9197,9.1498
0.0737,0.9906,28.1487,0.1099,0.9290,17.6318
0.0935,0.9871,35.1952,0.1843,0.8246,18.9035
0.0606,0.9917,38.1441,0.1461,0.8719,1.1545
0.0346,0.9950,33.1642,0.2618,0.8542,15.0773
0.0196,0.9960,33.5723,0.1802,0.9297,32.9469
0.1014,0.9862,34.1512,0.1214,0.4136,13.7581
0.1129,0.9876,31.5756,0.1170,0.0242,7.8479
0.1336,0.9879,27.6427,0.1390,0.4941,0.0802
0.1028,0.9905,24.6266,0.1613,0.6966,4.5917
0.1290,0.9850,42.7681,0.1692,0.2787,6.5147
0.0713,0.9917,33.2471,0.0782,0.9203,38.9493
0.0824,0.9916,29.7820,0.1345,0.8319,11.0013
0.1174,0.9908,30.0076,0.1210,0.9667,57.5146
0.0953,0.9854,40.8615,0.2342,0.6349,1.7955
0.0709,0.9895,44.4326,0.1527,0.7740,11.5778
0.0279,0.9936,37.8042,0.0898,0.9668,22.6993
0.1079,0.9836,44.0902,0.2041,0.1400,12.2277
0.1191,0.9896,29.2537,0.1559,0.8803,10.2717
0.1193,0.9857,40.0927,0.1389,0.8530,9.4920
0.0687,0.9907,28.4111,0.1320,0.8000,19.5156
0.0264,0.9937,44.6126,0.1618,0.9351,43.0047
0.0828,0.9896,39.2810,0.2405,0.9126,2.7548
0.1173,0.9854,38.2577,0.1299,0.2270,14.6071
0.1177,0.9875,30.4628,0.1778,0.7931,5.7922
0.0226,0.9964,29.4993,0.2364,0.8708,51.7661
0.0745,0.9914,27.9436,0.0882,0.7797,37.3343
0.0259,0.9939,33.2246,0.1640,0.8721,0.7123
0.0467,0.9923,34.2174,0.0933,0.9531,51.0646
0.1266,0.9856,33.6508,0.1270,0.2365,3.3498
0.0436,0.9927,39.8962,0.1351,0.9111,12.3182
0.0688,0.9870,42.7798,0.1352,0.8345,20.3074
0.1186,0.9883,40.2520,0.1228,0.8213,53.0116
0.0376,0.9927,24.9753,0.1558,0.9305,20.7549
0.0544,0.9926,31.0527,0.1162,0.9293,20.4552
0.1260,0.9886,35.5172,0.1309,0.5059,11.2834
0.0549,0.9894,32.1774,0.2479,0.8299,2.9980
0.1167,0.9854,32.8910,0.1617,0.5860,5.0855
0.0397,0.9935,35.1577,0.1594,0.8813,11.2767
0.0273,0.9944,34.9336,0.1300,0.8740,25.5838
0.0379,0.9953,20.8722,0.1145,0.9690,42.5465
0.0476,0.9901,48.4419,0.2070,0.9264,23.2724
0.1796,0.9818,49.1079,0.2048,0.5993,1.4544
0.0869,0.9905,29.8335,0.0888,0.9828,54.9358
0.1057,0.9834,46.9630,0.2228,0.6190,1.7465
0.0732,0.9878,42.2349,0.2243,0.5486,38.0196
0.0860,0.9844,50.2803,0.1776,0.5492,11.9309
0.0339,0.9931,45.3483,0.1647,0.9127,33.5579
0.1266,0.9900,32.2225,0.1358,0.6386,7.6859
0.0501,0.9883,50.6649,0.3807,0.7474,2.7183
0.0374,0.9942,23.3970,0.0773,0.9476,0.3326
0.0913,0.9903,32.3439,0.1094,0.4482,3.3758
0.0439,0.9939,29.2990,0.0914,0.9557,51.3628
0.0936,0.9873,46.6936,0.1284,0.2527,10.0122
0.0586,0.9901,35.9666,0.1713,0.7973,6.9098
0.1074,0.9878,30.2871,0.1704,0.5844,9.8035
0.1549,0.9863,31.0652,0.1660,0.8489,2.6951
0.0726,0.9889,39.5466,0.1295,0.8613,22.9514
0.1003,0.9872,40.6246,0.1434,0.2926,25.0058
0.0968,0.9899,32.1087,0.1774,0.5971,22.8861
0.0530,0.9923,38.5832,0.1303,0.9376,19.1940
0.1114,0.9898,37.6877,0.1495,0.2296,56.5180
0.0997,0.9890,30.9159,0.1131,0.9043,17.9852
0.0223,0.9931,36.9931,0.1298,0.9461,20.1806
0.0697,0.9889,34.6737,0.1373,0.9514,24.5576
0.1893,0.9831,40.8328,0.2035,0.0359,2.0548
0.0700,0.9892,27.5783,0.1225,0.9665,20.2850
0.1061,0.9910,25.4318,0.1396,0.9578,35.2586
0.0571,0.9935,36.9903,0.0788,0.9750,4.3708
0.0867,0.9891,30.0226,0.1422,0.6443,14.3647
0.0999,0.9880,35.3136,0.1038,0.7095,6.5982
0.1128,0.9858,37.6206,0.1148,0.4377,3.7753
0.0238,0.9937,37.5023,0.1676,0.8801,55.7872
0.0180,0.9957,32.4195,0.1026,0.9599,38.7946
0.0840,0.9858,40.3109,0.1141,0.9175,22.2950
0.1343,0.9871,36.4375,0.1459,0.5709,2.8437
0.0502,0.9854,30.6539,0.1093,0.9827,46.0517
0.0680,0.9886,38.5991,0.1816,0.8515,0.4669
0.0938,0.9890,36.7053,0.1203,0.8802,17.8117
0.1407,0.9850,41.2745,0.2363,0.6232,5.4445
0.0570,0.9918,29.5399,0.1517,0.8783,24.5828
0.0430,0.9918,44.1773,0.1196,0.9210,8.3258
0.0315,0.9923,31.7982,0.1013,0.9483,55.5002
0.1646,0.9877,34.4559,0.1649,0.4584,1.5215
0.0776,0.9859,39.8823,0.0917,0.8381,25.1887
0.1158,0.9863,26.8707,0.1618,0.7406,5.7908
0.0627,0.9917,23.6600,0.1364,0.9365,33.3709
0.0952,0.9851,41.7594,0.1450,0.8079,16.5226
0.0712,0.9873,43.1331,0.1211,0.7311,13.9867
0.0700,0.9886,29.8803,0.1302,0.9552,24.7334
0.0767,0.9878,38.2902,0.1845,0.7540,2.7705
0.0643,0.9908,33.7090,0.1672,0.8413,19.7056
0.0583,0.9893,36.7359,0.1119,0.7746,4.1053
0.0245,0.9964,30.9563,0.2089,0.9282,6.7973
0.0703,0.9902,36.0472,0.2183,0.8235,14.0090
0.0429,0.9938,35.9753,0.0957,0.9148,19.4988
0.0414,0.9925,29.9775,0.3225,0.8010,10.0027
0.0104,0.9928,59.5301,0.1243,0.9803,41.4080
0.0491,0.9918,25.6571,0.1263,0.6817,19.7403
0.1493,0.9889,21.8352,0.1585,0.9796,28.3496
0.0497,0.9939,29.3076,0.3129,0.8883,10.4055
0.0733,0.9889,50.8589,0.1102,0.9738,11.5255
0.0986,0.9903,37.5182,0.1392,0.9068,22.0592
0.0434,0.9938,28.8282,0.1230,0.9505,31.3734
0.1206,0.9880,30.1602,0.1238,0.3298,7.3117
0.0262,0.9954,32.9138,0.2589,0.8910,7.9872
0.1122,0.9883,27.8843,0.2118,0.3867,4.2808
0.1157,0.9871,28.8717,0.1454,0.6668,8.6847
0.1360,0.9868,41.4390,0.1504,0.6784,0.4269
0.0235,0.9941,36.8060,0.3773,0.6485,13.9207
0.0589,0.9922,34.9902,0.1962,0.8638,3.7007
0.0251,0.9949,32.9647,0.1363,0.9015,14.5197
0.0678,0.9883,37.5943,0.2923,0.6411,3.8459
0.1100,0.9873,31.2597,0.1439,0.5032,6.4531
0.0468,0.9912,32.0641,0.0822,0.8959,54.5346
0.0154,0.9960,33.8255,0.2261,0.8959,24.1217
0.0857,0.9890,34.9361,0.1438,0.1032,33.2761
0.0682,0.9875,41.0442,0.1220,0.6169,8.9690
0.1055,0.9881,38.7020,0.1377,0.9312,11.0649
0.0527,0.9930,27.1330,0.0797,0.8866,46.9414
0.1034,0.9877,28.8270,0.1093,0.7138,16.1672
0.1021,0.9873,38.3418,0.1587,0.6671,3.8077
0.1490,0.9853,38.5105,0.1542,0.3497,6.0260
0.0774,0.9915,29.0572,0.0811,0.9491,34.5872
0.0143,0.9975,35.8670,0.3022,0.8975,39.5536
0.0286,0.9928,34.3166,0.1162,0.9482,56.4531
0.0932,0.9893,35.7861,0.1074,0.8977,26.4000
0.0935,0.9890,40.2941,0.1212,0.9550,24.7685
0.0800,0.9894,34.2838,0.1563,0.9747,32.5569
0.0658,0.9901,40.0895,0.1558,0.8885,23.9208
0.0809,0.9848,40.4910,0.0817,0.0922,8.7343
0.1461,0.9879,27.0176,0.2302,0.8349,8.4272
0.1138,0.9875,37.6866,0.1530,0.6334,2.1636
0.0203,0.9945,21.9394,0.0907,0.9674,53.5418
0.0549,0.9920,32.2310,0.1287,0.9092,29.0647
0.0749,0.9871,42.0491,0.1429,0.6505,47.7143
0.0436,0.9908,43.2494,0.2860,0.7380,17.0811
0.1080,0.9880,36.5309,0.1541,0.8051,15.9935
0.1433,0.9816,43.1539,0.1669,0.0355,6.9921
0.0931,0.9866,32.8178,0.1295,0.8903,12.6741
0.0912,0.9865,37.5883,0.1783,0.6414,6.7166
0.0481,0.9924,34.6432,0.1235,0.9016,16.6947
0.0847,0.9872,32.6196,0.1042,0.8575,2.4540
0.0305,0.9948,20.8694,0.1465,0.9453,28.7436
0.0288,0.9941,37.5818,0.2104,0.8215,40.9196
0.0134,0.9977,27.9546,0.1450,0.9382,40.9257
0.0924,0.9854,39.5940,0.1260,0.4326,10.1539
0.0363,0.9925,38.6322,0.3125,0.8161,8.4923
0.1131,0.9858,36.7246,0.1570,0.6036,6.8237
0.0256,0.9957,23.6962,0.2928,0.8686,13.8518
0.0684,0.9913,34.9120,0.1254,0.9504,42.6507
0.0687,0.9889,50.7225,0.1553,0.9397,8.0191
0.0636,0.9897,31.7992,0.2140,0.8476,7.4189
0.0257,0.9953,45.2564,0.1301,0.9456,39.9360
0.0667,0.9889,32.1983,0.1396,0.8672,4.5492
0.0750,0.9899,29.0173,0.0896,0.8617,5.4357
0.0813,0.9907,35.0340,0.0840,0.9749,43.9953
0.0539,0.9912,42.1415,0.1382,0.9616,4.3231
0.0647,0.9879,44.7151,0.1918,0.6956,9.0662
0.0200,0.9939,40.3639,0.0988,0.9451,8.5331
0.0214,0.9960,33.0764,0.1938,0.9478,41.0388
0.1500,0.9893,31.1601,0.1587,0.0689,7.6951
0.0799,0.9892,31.0514,0.2615,0.7334,1.9400
0.0308,0.9924,36.2662,0.2223,0.6575,49.6562
0.0170,0.9973,30.7812,0.2218,0.9224,30.2637
0.1249,0.9863,46.9562,0.1396,0.9452,17.4156
0.0284,0.9944,36.1565,0.3437,0.8196,3.8135
0.0807,0.9885,31.6256,0.1231,0.8410,9.9700
0.0741,0.9861,42.2101,0.1728,0.5134,6.2755
0.1181,0.9856,42.5833,0.1230,0.6183,8.7509
0.0867,0.9865,40.7997,0.2004,0.3152,4.5939
0.0283,0.9929,45.1194,0.3792,0.7378,13.1081
0.1339,0.9875,32.7431,0.1400,0.8797,17.6519
0.0281,0.9930,40.6627,0.1195,0.9559,25.8198
0.0289,0.9944,33.1551,0.2213,0.7703,17.3784
0.0890,0.9850,47.1168,0.1320,0.9796,31.5603
0.1056,0.9913,27.4789,0.1190,0.8178,25.7827
0.0385,0.9939,33.9620,0.1010,0.9515,34.2023
0.0426,0.9919,26.9743,0.1435,0.9623,56.9863
0.0880,0.9915,34.6923,0.1364,0.9867,30.1556
0.0681,0.9842,55.6645,0.2448,0.7370,10.4311
0.0486,0.9885,49.0080,0.1817,0.8657,24.1861
0.0291,0.9934,37.9518,0.1625,0.8400,24.8338
0.0411,0.9922,35.9241,0.1045,0.9714,37.2161
0.0506,0.9919,39.9287,0.1690,0.9012,6.0913
0.0624,0.9901,30.3559,0.3044,0.7510,11.8009
0.0294,0.9945,33.5774,0.0654,0.9624,56.0964
0.0987,0.9884,38.8251,0.1579,0.6386,29.9289
0.1009,0.9868,39.5905,0.1064,0.1232,11.0053
0.0703,0.9894,38.9831,0.0893,0.8742,9.5680
0.0746,0.9876,41.0415,0.1494,0.8371,12.7747
0.0236,0.9947,37.1575,0.1504,0.9416,16.3423
0.0974,0.9889,31.8144,0.1350,0.8542,18.2738
0.1305,0.9846,40.9707,0.1818,0.0059,7.2954
0.1118,0.9877,35.4776,0.1163,0.0670,17.9964
0.1119,0.9900,24.3224,0.1475,0.9514,20.4528
0.0773,0.9914,32.7960,0.2296,0.4639,4.8228
0.0540,0.9892,35.4974,0.3782,0.4876,18.0670
0.0398,0.9917,35.9787,0.1483,0.9387,36.0026
0.0314,0.9936,31.1541,0.1568,0.8988,5.3172
0.0519,0.9920,27.3273,0.1248,0.8720,54.6323
0.0655,0.9888,39.7655,0.1145,0.9365,5.7230
0.1036,0.9928,25.2914,0.1404,0.8312,7.4833
0.0815,0.9909,34.3448,0.1710,0.9147,23.0903
0.0278,0.9938,42.4446,0.1360,0.9426,36.3497
0.0812,0.9889,37.0178,0.1136,0.8776,21.8053
0.0377,0.9938,27.9681,0.3276,0.8571,12.6623
0.0863,0.9876,37.2489,0.1203,0.7162,24.7127
0.1111,0.9831,34.6362,0.1934,0.1267,1.7958
0.0524,0.9911,38.0647,0.2449,0.7869,6.7170
0.0617,0.9912,38.1605,0.0896,0.8231,54.6084
0.0582,0.9886,35.1001,0.2416,0.8046,3.0602
0.1183,0.9845,46.5986,0.1277,0.2617,11.7128
0.1264,0.9893,36.6787,0.1391,0.9159,16.6746
0.0831,0.9901,31.7248,0.1538,0.5289,25.9164
0.0952,0.9896,36.8134,0.1198,0.8241,9.9090
0.0789,0.9883,37.5943,0.2453,0.7674,9.4198
0.0118,0.9977,39.2737,0.1104,0.9472,24.5460
0.1218,0.9874,38.7204,0.1404,0.7462,9.6332
0.0799,0.9853,36.9716,0.1729,0.3841,3.4746
0.1295,0.9839,31.4823,0.1803,0.5916,8.8947
0.0300,0.9958,16.8319,0.1353,0.9791,56.2110
0.0327,0.9935,33.0143,0.1925,0.8902,46.2866
0.0283,0.9953,43.0755,0.1365,0.9234,8.1224
0.1351,0.9875,37.5621,0.1618,0.5324,3.5679
0.0722,0.9863,37.2482,0.1582,0.3934,10.6715
0.1165,0.9870,40.1293,0.1280,0.8144,12.6391
0.0960,0.9866,38.6603,0.0983,0.8833,21.0405
0.1134,0.9876,34.2533,0.1619,0.8415,3.5185
0.0696,0.9872,41.1721,0.1393,0.8691,2.1853
0.0776,0.9840,43.3268,0.1835,0.4585,15.7199
0.0704,0.9881,40.8995,0.1627,0.8598,12.0755
0.0445,0.9911,35.6730,0.0850,0.9022,36.8319
0.0693,0.9887,35.2899,0.0974,0.8050,13.8922
0.0359,0.9948,32.2720,0.1957,0.8533,25.2561
0.1231,0.9887,37.2407,0.1384,0.2953,8.4845
0.1032,0.9895,34.2064,0.1449,0.4504,2.4708
0.0587,0.9904,38.8493,0.2558,0.8580,10.8576
0.1426,0.9865,41.7237,0.1496,0.9194,4.7185
0.1382,0.9842,43.8221,0.1471,0.4328,10.9050
0.0665,0.9861,44.6771,0.1830,0.3760,39.4208
0.1097,0.9856,36.7259,0.1431,0.4606,3.1372
0.0368,0.9922,36.8029,0.1141,0.9683,33.1458
0.0353,0.9932,41.4565,0.2359,0.8771,14.5919
0.1644,0.9856,32.9811,0.2305,0.4532,1.6745
0.1054,0.9904,26.2457,0.1664,0.8362,15.6303
0.0817,0.9910,35.7139,0.1979,0.8608,3.6253
0.0854,0.9879,42.6973,0.1666,0.6437,5.2294
0.1120,0.9874,43.6907,0.1274,0.9380,17.8587
0.0972,0.9909,28.3081,0.1731,0.6976,10.0421
0.0435,0.9911,40.6431,0.2329,0.8112,22.0917
0.1104,0.9852,42.2889,0.1679,0.3355,1.9678
0.1119,0.9880,38.3525,0.1158,0.5784,20.1556
0.0799,0.9889,38.6472,0.1983,0.8079,27.7432
0.0887,0.9863,48.9093,0.1254,0.7605,47.7140
0.0138,0.9966,41.8633,0.3111,0.7439,26.1093
0.0809,0.9907,26.9203,0.1157,0.8848,6.1424
0.0826,0.9916,32.1606,0.1352,0.9594,13.0215
0.0787,0.9886,34.3849,0.0890,0.9130,1.5407
0.1377,0.9881,33.0219,0.1600,0.5515,5.9427
0.0497,0.9929,36.5749,0.1316,0.9386,19.9535
0.0854,0.9901,28.8352,0.1936,0.7907,1.4685
0.0138,0.9989,34.4753,0.1200,0.9694,50.8751
0.0899,0.9891,38.1717,0.1012,0.5040,56.6850
0.0593,0.9886,39.9739,0.1376,0.2966,49.6202
0.0919,0.9860,36.9974,0.1689,0.5897,12.7509
0.1153,0.9898,31.2027,0.1250,0.9507,7.4064
0.0699,0.9905,31.1314,0.1119,0.9332,13.6865
0.0420,0.9920,39.5765,0.2476,0.7862,11.6793
0.0407,0.9905,42.5353,0.1542,0.8677,13.4181
0.0612,0.9901,43.7125,0.3423,0.6788,10.7965
0.1018,0.9856,50.9832,0.1808,0.6024,15.6760
0.0661,0.9911,28.7673,0.1740,0.6159,52.5199
0.0687,0.9880,39.9583,0.0975,0.9531,12.0228
0.0737,0.9882,37.3557,0.1037,0.8960,25.7584
0.1344,0.9853,41.5266,0.1693,0.5603,1.2729
0.0789,0.9894,42.0925,0.1504,0.8949,8.2843
0.1236,0.9846,41.7301,0.1378,0.7988,4.3000
0.1327,0.9861,32.4474,0.1561,0.6700,11.3999
0.0550,0.9899,40.8601,0.0898,0.9346,55.3440
0.0695,0.9879,37.7962,0.2138,0.8024,18.4275
0.1219,0.9871,40.0166,0.1630,0.3782,7.6805
0.1065,0.9878,35.2671,0.1522,0.4151,15.1230
0.0513,0.9903,43.9715,0.2136,0.9002,25.5953
0.0589,0.9915,32.9242,0.0908,0.8654,13.4794
0.0899,0.9882,33.9327,0.1080,0.8768,18.1452
0.0395,0.9931,34.7341,0.2122,0.8517,7.8949
0.0291,0.9949,30.6715,0.1502,0.9306,5.8559
0.0287,0.9968,30.6009,0.1572,0.9675,0.4745
0.0691,0.9892,38.0111,0.2113,0.6803,19.1350
0.0653,0.9912,34.4386,0.1242,0.8787,10.0051
0.0450,0.9904,34.0439,0.1443,0.6472,58.2975
0.1037,0.9886,34.8470,0.1630,0.6290,7.2223
0.1020,0.9858,34.0859,0.1377,0.6053,10.9099
0.0970,0.9930,33.5164,0.1016,0.9623,29.4648
0.1279,0.9860,43.0275,0.1854,0.2384,0.7965
0.0572,0.9912,33.0658,0.1496,0.9051,7.0716
0.1412,0.9896,29.2891,0.1422,0.7722,2.9578
0.0755,0.9930,30.2802,0.0793,0.9766,31.7904
0.0508,0.9949,33.8432,0.1623,0.9414,7.4915
0.0828,0.9885,49.5692,0.1629,0.9567,8.7822
0.0624,0.9884,46.3261,0.1828,0.7133,20.5744
0.0396,0.9916,35.8406,0.1161,0.9377,56.8893
0.0480,0.9833,15.6654,0.1214,0.9831,49.0255
0.0525,0.9901,39.4749,0.0538,0.9598,20.5225
0.0870,0.9894,26.8477,0.1402,0.5257,32.0308
0.0941,0.9891,35.0520,0.1150,0.6538,19.7247
0.0857,0.9892,33.9571,0.1807,0.6417,1.1984
0.1404,0.9864,42.5451,0.1514,0.6757,5.7993
0.0374,0.9926,41.2390,0.2059,0.8157,4.6481
0.1251,0.9864,39.0109,0.1392,0.3686,9.3570
0.0307,0.9949,37.6818,0.2344,0.9130,11.7980
0.1064,0.9874,33.7591,0.2078,0.7512,14.9387
0.0847,0.9860,29.3710,0.0854,0.9751,59.0501
0.0808,0.9899,30.0387,0.1130,0.9088,23.6534
0.0711,0.9872,36.7154,0.1642,0.6786,0.4200
0.0606,0.9919,28.3510,0.1895,0.8563,10.5424
0.0630,0.9919,23.3315,0.1040,0.8953,57.3834
0.0795,0.9886,38.9753,0.1362,0.2374,9.0723
0.0715,0.9840,50.0924,0.1213,0.2569,13.7917
0.0331,0.9948,29.3204,0.2031,0.8013,30.1558
0.0470,0.9913,38.9606,0.2083,0.7597,18.6718
0.0568,0.9876,42.6838,0.0782,0.8954,59.8069
0.0491,0.9917,40.9456,0.1557,0.8498,32.4563
0.1351,0.9882,30.7158,0.1574,0.6291,10.5196
0.0264,0.9956,16.4531,0.1160,0.9320,32.3078
0.0593,0.9917,30.7848,0.1963,0.8114,6.9555
0.1128,0.9878,32.9338,0.1756,0.0977,8.0621
0.0528,0.9921,30.2651,0.1730,0.7845,18.0710
0.0659,0.9895,25.7826,0.0754,0.9588,57.1504
0.0558,0.9878,32.9098,0.1236,0.9862,37.9189
0.1216,0.9846,41.6695,0.1446,0.6424,5.4100
0.0346,0.9939,29.7449,0.1305,0.9488,39.7826
0.1172,0.9887,36.7539,0.1416,0.4413,6.9411
0.0910,0.9865,39.7302,0.1567,0.8250,1.7434
0.1140,0.9857,39.3522,0.1334,0.4437,8.7210
0.0857,0.9942,27.9242,0.1805,0.9523,49.1270
0.0112,0.9986,23.4240,0.3602,0.8853,3.5913
0.1559,0.9882,32.6863,0.1803,0.3036,1.6812
0.1096,0.9876,29.9514,0.1797,0.7166,10.5560
0.1094,0.9831,47.2304,0.1181,0.7566,4.2118
0.0931,0.9888,25.7861,0.1550,0.8299,11.0022
0.1093,0.9866,42.3370,0.1307,0.8899,10.1020
0.0318,0.9921,41.3332,0.0948,0.9242,22.7365
0.1081,0.9868,37.8373,0.1373,0.8397,3.9482
0.0810,0.9891,36.3520,0.1222,0.4730,40.1912
0.0723,0.9894,33.5223,0.1203,0.9157,14.8907
0.0455,0.9904,37.8856,0.1381,0.8878,20.0275
0.0541,0.9927,44.1680,0.2524,0.8377,35.6004
0.0903,0.9900,38.9206,0.1507,0.9701,2.0936
0.0571,0.9915,34.8842,0.1921,0.8598,27.0461
0.0601,0.9902,35.0747,0.0832,0.9533,44.3495
0.0399,0.9938,32.4353,0.1084,0.9401,25.4573
0.1204,0.9854,38.1417,0.1299,0.4444,20.9595
0.1108,0.9866,34.2496,0.1542,0.9236,15.4295
0.0158,0.9960,34.3377,0.1495,0.9275,26.3016
0.0516,0.9915,35.7884,0.0784,0.9213,22.1643
0.0728,0.9902,53.2809,0.1059,0.9719,7.9812
0.0689,0.9914,36.1427,0.0704,0.9677,17.6758
0.0949,0.9903,32.6273,0.1295,0.8204,3.7891
0.0935,0.9894,37.7044,0.1189,0.2643,10.2257
0.1257,0.9871,39.9829,0.1453,0.7013,8.4130
0.1356,0.9833,39.4702,0.1817,0.1469,7.1800
0.0474,0.9912,41.8853,0.1055,0.8646,34.8566
0.1029,0.9868,44.7332,0.1581,0.3832,8.4661
0.0759,0.9883,35.1829,0.1866,0.4326,6.5948
0.0554,0.9911,35.6569,0.1088,0.9776,27.2483
0.0254,0.9945,37.3174,0.3379,0.5602,6.4904
0.1704,0.9855,36.5210,0.1818,0.4643,1.5126
0.0783,0.9885,39.7930,0.1556,0.5254,14.0017
0.0763,0.9905,40.5407,0.2012,0.7966,14.4141
0.0056,0.9998,40.5001,0.2285,0.9295,5.9488
0.1201,0.9869,36.4648,0.1440,0.5738,18.8078
0.1147,0.9880,39.0175,0.1635,0.9360,16.1564
0.0471,0.9897,38.1623,0.1416,0.8115,19.3149
0.1150,0.9859,40.3832,0.1692,0.5313,16.6668
0.0449,0.9925,31.8506,0.0907,0.9519,42.8506
0.0847,0.9900,29.0983,0.1627,0.8425,19.5063
0.0929,0.9841,40.4619,0.1311,0.4199,9.7415
0.0904,0.9874,39.4661,0.1515,0.8576,5.6236
0.0338,0.9937,40.1335,0.1801,0.9488,40.2400
0.0927,0.9901,37.6088,0.1123,0.9005,18.0245
0.0892,0.9873,34.2349,0.1845,0.5917,0.6793
0.0906,0.9904,30.0737,0.1864,0.3844,44.9694
0.1101,0.9846,37.9493,0.1207,0.0542,2.6703
0.1055,0.9880,35.8513,0.1534,0.7674,5.5357
0.1040,0.9867,46.9761,0.1316,0.4036,4.2767
0.1275,0.9877,29.9884,0.2177,0.7128,13.2980
0.0655,0.9903,50.8940,0.1450,0.9659,16.8983
0.0434,0.9920,33.1273,0.0803,0.9085,25.8582
0.1000,0.9874,29.1843,0.1688,0.4656,11.9598
0.0756,0.9909,29.6193,0.1403,0.9367,9.8074
0.0139,0.9958,50.5050,0.0964,0.9684,7.9822
0.0649,0.9918,32.6922,0.0848,0.8545,49.7465
0.0428,0.9935,29.2957,0.1066,0.9690,28.9845
0.0732,0.9910,31.4741,0.1611,0.8733,16.5460
0.1167,0.9853,39.6467,0.1418,0.5704,4.2329
0.1536,0.9841,42.5727,0.1892,0.5018,9.1544
0.1330,0.9877,32.3448,0.1449,0.6486,12.9917
0.0382,0.9919,45.9175,0.2047,0.6699,27.2568
0.0368,0.9930,43.3055,0.3570,0.8299,6.2137
0.1227,0.9897,35.4513,0.1550,0.2955,2.8517
0.0676,0.9919,38.4910,0.1141,0.9878,18.4541
0.0570,0.9901,38.5018,0.1524,0.8169,20.7573
0.0988,0.9896,34.9906,0.1483,0.8175,7.1267
0.0591,0.9913,39.2055,0.1321,0.8953,18.5977
0.0204,0.9965,34.3876,0.0883,0.9487,49.0037
0.1037,0.9872,33.5710,0.1795,0.5345,19.2281
0.0213,0.9953,28.6599,0.1532,0.9073,21.3347
0.0288,0.9933,40.7284,0.1990,0.9244,20.2879
0.0769,0.9904,35.2888,0.1622,0.9039,9.3173
0.0834,0.9857,44.7352,0.1369,0.7823,29.7002
0.0918,0.9858,57.6888,0.1276,0.9805,30.1107
0.1118,0.9889,37.8745,0.1208,0.8515,33.7718
0.0668,0.9895,36.9611,0.3260,0.8309,12.9571
0.1285,0.9890,32.4318,0.1639,0.2016,3.1938
0.0808,0.9897,32.5063,0.1361,0.9285,20.8414
0.0857,0.9884,32.8694,0.1647,0.9266,3.5960
0.1001,0.9898,26.9364,0.1174,0.8425,6.2018
0.0778,0.9863,38.6619,0.1245,0.5418,52.1197
0.0541,0.9940,32.4836,0.1595,0.9381,20.8426
0.0652,0.9912,33.0849,0.1213,0.9581,31.8435
0.0730,0.9901,39.8814,0.0795,0.9673,21.8580
0.0845,0.9899,37.0621,0.2641,0.8735,9.7514
0.1160,0.9863,35.7798,0.1426,0.5910,3.6333
0.0546,0.9912,44.0747,0.3396,0.7920,9.3711
0.0460,0.9949,30.9398,0.0924,0.9460,55.1153
0.0527,0.9926,26.8851,0.1659,0.7694,37.6921
0.0948,0.9906,38.8990,0.1645,0.9318,10.5576
0.0322,0.9916,47.2173,0.4497,0.7039,8.2301
0.0278,0.9945,38.0371,0.1708,0.8946,13.6651
0.0988,0.9893,26.8635,0.1451,0.8162,18.6832
0.0510,0.9915,38.2265,0.1732,0.9531,22.1382
0.1379,0.9844,47.4641,0.1587,0.6257,13.1747
0.0661,0.9920,35.8505,0.1015,0.9784,36.6432
0.0132,0.9968,30.7377,0.2480,0.7945,26.7708
0.0370,0.9953,32.2539,0.1826,0.9552,25.4816
0.0595,0.9918,36.2849,0.1352,0.8981,14.4007
0.0374,0.9949,27.1593,0.1603,0.9233,14.7151
0.0308,0.9943,37.3397,0.1724,0.9011,19.7349
0.1005,0.9863,46.0176,0.1884,0.8647,15.2053
0.0387,0.9934,41.8398,0.1241,0.6776,34.9104
0.0782,0.9916,28.0974,0.1664,0.9306,5.0129
0.0895,0.9848,44.7351,0.1720,0.8284,2.2436
0.1260,0.9885,29.1713,0.1292,0.6476,58.2792
0.0828,0.9868,34.3121,0.1397,0.1303,4.5264
0.0581,0.9914,41.0743,0.1288,0.9158,28.4081
0.0609,0.9898,38.7571,0.1643,0.8878,24.8455
0.0762,0.9884,36.5694,0.2085,0.9847,22.5351
0.0671,0.9871,40.5234,0.1474,0.7907,13.1379
0.1029,0.9863,40.8580,0.2186,0.7306,3.7827
0.0325,0.9933,31.6765,0.1080,0.9159,43.1154
0.0919,0.9891,39.0564,0.1155,0.6070,0.6640
0.0716,0.9874,42.6321,0.1680,0.8922,10.6520
0.1113,0.9878,35.8958,0.1172,0.3265,17.3422
0.0850,0.9860,42.2496,0.1681,0.2994,18.5560
0.0858,0.9916,33.3624,0.1205,0.9601,35.7092
0.0337,0.9921,42.5275,0.3306,0.8261,5.4677
0.1178,0.9868,41.4522,0.1442,0.1523,6.4784
0.0686,0.9890,46.6935,0.1232,0.9540,18.3813
0.0222,0.9950,41.9352,0.2901,0.8418,13.3014
0.0175,0.9960,32.5173,0.2389,0.8956,39.3179
0.1047,0.9878,36.8505,0.1726,0.5424,8.1696
0.1328,0.9891,31.8775,0.1496,0.3437,3.3850
0.1515,0.9887,24.6723,0.1622,0.3444,47.4711
0.0363,0.9945,33.4100,0.0837,0.9600,27.9980
0.0715,0.9885,38.1039,0.1906,0.7433,26.7673
0.0587,0.9873,37.7572,0.0891,0.8729,23.1145
0.0876,0.9873,39.9535,0.0938,0.8371,11.8699
0.0726,0.9941,27.9399,0.1168,0.9519,29.1824
0.1262,0.9875,38.9359,0.1852,0.5204,10.3397
0.0337,0.9919,45.2145,0.2804,0.8418,11.5845
0.0917,0.9903,26.2915,0.1376,0.2702,58.3638
0.0868,0.9909,25.4756,0.1542,0.8400,9.8057
0.0768,0.9923,35.0973,0.1060,0.9281,48.0996
0.0253,0.9949,32.7883,0.2465,0.8295,31.9018
0.0552,0.9915,36.3177,0.2015,0.6846,23.7828
0.0938,0.9879,32.2798,0.1264,0.9199,55.0798
0.1474,0.9865,24.9507,0.1495,0.3692,1.6401
0.0455,0.9943,25.4160,0.2100,0.9520,13.5080
0.0923,0.9938,34.8214,0.1587,0.9777,17.4453
0.0795,0.9903,24.2606,0.1252,0.9644,54.3825
0.0627,0.9909,34.0490,0.1876,0.8768,3.7607
0.1154,0.9877,37.7230,0.1439,0.4631,23.6633
0.0965,0.9838,45.7102,0.1696,0.2720,15.5983
0.1487,0.9878,34.7582,0.1607,0.4219,17.9244
0.1108,0.9863,40.8122,0.1199,0.3771,17.0408
0.0424,0.9922,35.6356,0.1873,0.8787,7.7207
0.0518,0.9919,32.8378,0.1343,0.8739,32.5309
0.0691,0.9853,46.6831,0.1988,0.2950,16.6352
0.1120,0.9859,43.0462,0.1322,0.8953,8.4478
0.1270,0.9872,30.0586,0.1518,0.8747,10.9981
0.0744,0.9896,33.0305,0.2040,0.2673,42.4560
0.0617,0.9896,32.8206,0.1418,0.8670,14.8032
0.0279,0.9947,46.5039,0.1497,0.9625,19.7047
0.0423,0.9903,35.8193,0.1441,0.7050,55.2507
0.1498,0.9892,32.3973,0.1547,0.4566,5.0288
0.0433,0.9936,33.9247,0.1992,0.8799,3.6045
0.0945,0.9888,39.2285,0.1313,0.8917,15.6640
0.0279,0.9939,31.7931,0.1144,0.9630,43.9075
0.0959,0.9884,35.5231,0.1209,0.8077,2.7293
0.0371,0.9917,32.4069,0.0852,0.9538,58.3570
0.0850,0.9828,43.7870,0.1677,0.0139,8.0256
0.0577,0.9919,42.1419,0.1756,0.5579,57.2354
0.0630,0.9867,28.5663,0.0979,0.9790,41.8452
0.1368,0.9857,40.0170,0.1609,0.5875,6.8655
0.1135,0.9847,43.0868,0.1257,0.4489,8.0075
0.0822,0.9899,39.1053,0.1382,0.5394,12.7097
0.0695,0.9898,46.7900,0.2090,0.5452,6.5793
0.0798,0.9897,36.6428,0.0902,0.9131,6.5734
0.0736,0.9915,27.8416,0.0935,0.9243,29.1868
0.0724,0.9922,30.2385,0.1423,0.9755,50.8389
0.0701,0.9910,29.2940,0.1086,0.4915,53.1321
0.1023,0.9842,40.9472,0.1046,0.4258,16.2222
0.0756,0.9895,36.5988,0.1187,0.8416,19.6422
0.0650,0.9886,45.6820,0.1695,0.9127,0.2166
0.1342,0.9863,35.5332,0.1410,0.7293,3.0054
0.0474,0.9900,38.5715,0.2044,0.7912,29.6013
0.0137,0.9966,40.0511,0.1446,0.9572,15.8028
0.1211,0.9855,38.4543,0.1426,0.7765,16.3268
0.0569,0.9921,18.5523,0.0916,0.8874,40.3478
0.1088,0.9900,42.2712,0.1243,0.7671,17.4278
0.0683,0.9919,27.9286,0.1203,0.9385,57.6577
0.0727,0.9875,37.3570,0.1325,0.2891,54.7428
0.0540,0.9918,44.2899,0.2618,0.4177,4.3504
0.0831,0.9895,30.3386,0.1335,0.7790,4.5051
0.0720,0.9871,47.7334,0.2533,0.7785,6.9114
0.0372,0.9908,46.9124,0.1897,0.8957,14.2715
0.0218,0.9950,41.3320,0.1498,0.9004,12.5734
0.0659,0.9900,41.0489,0.1069,0.9498,49.0578
0.0612,0.9905,41.7630,0.1153,0.9342,17.1931
0.0827,0.9868,38.8404,0.1276,0.7795,24.1258
0.1136,0.9874,41.4373,0.1302,0.7411,14.1062
0.0530,0.9920,32.8791,0.0663,0.9667,39.5229
0.0925,0.9903,33.7789,0.1212,0.9515,14.8143
0.1266,0.9861,32.3092,0.1581,0.2758,10.4229
0.0991,0.9912,26.3942,0.1497,0.9162,5.7844
0.1162,0.9874,40.2793,0.2125,0.7442,1.9962
0.0672,0.9904,32.4602,0.1795,0.8754,8.8270
0.0860,0.9867,41.4720,0.1248,0.3675,3.4397
0.0344,0.9932,38.3252,0.1716,0.9107,11.6869
0.0057,0.9994,22.1062,0.1786,0.9548,55.5287
0.0900,0.9857,42.2404,0.1204,0.1756,14.7317
0.0594,0.9918,27.6088,0.0856,0.9295,32.7227
0.0337,0.9923,32.0446,0.2403,0.8133,10.3294
0.0790,0.9873,41.5750,0.1610,0.8897,16.3305
0.1064,0.9862,31.1132,0.1397,0.7245,3.5095
0.0576,0.9940,31.0211,0.0849,0.9752,23.2057
0.1206,0.9829,46.4819,0.1387,0.2836,9.3940
0.0669,0.9863,43.6845,0.1649,0.6993,19.2578
0.1015,0.9905,34.8205,0.1547,0.8663,11.4659
0.0754,0.9887,36.3217,0.1578,0.8381,3.5676
0.1442,0.9859,31.9368,0.1868,0.2259,5.8044
0.1173,0.9836,49.6100,0.1914,0.6323,10.8493
0.1232,0.9877,35.1582,0.1608,0.5116,9.9050
0.0775,0.9887,38.7593,0.1122,0.2667,53.2360
0.0791,0.9894,35.0800,0.0899,0.5844,4.4808
0.0926,0.9892,38.0141,0.1795,0.9187,7.6629
0.0441,0.9915,31.9126,0.1207,0.9041,4.9321
0.0452,0.9922,41.6969,0.2503,0.8129,18.2199
0.0505,0.9886,19.7160,0.1520,0.9873,32.9357
0.0461,0.9934,38.3542,0.1199,0.9789,7.2948
0.1542,0.9847,39.4345,0.2173,0.5142,3.4361
0.0161,0.9988,18.4949,0.1516,0.9641,56.8215
0.0412,0.9916,44.1519,0.0999,0.9347,0.4081
0.1180,0.9884,45.8151,0.1674,0.8132,5.6557
0.0475,0.9910,26.9569,0.1638,0.9850,29.1611
0.1221,0.9901,51.4729,0.1480,0.9715,23.3748
0.1494,0.9857,36.8726,0.1793,0.1819,4.6354
0.0448,0.9914,30.3784,0.2031,0.7875,24.7628
0.1166,0.9856,38.1141,0.1207,0.4934,10.7901
0.0179,0.9985,26.3825,0.2347,0.9469,57.8693
0.1003,0.9857,40.4140,0.1211,0.6342,8.2480
0.0742,0.9913,32.9546,0.1216,0.8174,22.2348
0.0775,0.9889,34.9632,0.0832,0.8248,19.3434
0.0413,0.9901,43.3596,0.2184,0.7551,18.0359
0.0506,0.9906,39.6652,0.2078,0.8377,15.4174
0.0622,0.9906,28.2819,0.0736,0.9366,47.0312
0.0533,0.9908,35.6631,0.1500,0.9723,8.5122
0.0337,0.9944,37.9664,0.1474,0.9294,20.6333
0.1412,0.9888,32.6647,0.1884,0.1255,0.9475
0.1271,0.9903,23.5619,0.1304,0.7490,19.6199
0.0539,0.9925,43.0462,0.0788,0.9798,5.2034
0.0430,0.9939,41.7201,0.1070,0.9549,41.6929
0.1272,0.9836,37.1514,0.2292,0.4083,3.3820
0.0739,0.9890,34.2466,0.1743,0.7531,11.5427
0.0739,0.9883,33.3302,0.0772,0.8789,53.1335
0.0619,0.9933,29.8756,0.1009,0.9780,39.4958
0.0679,0.9861,40.7079,0.1887,0.5573,16.0564
0.0812,0.9863,29.3316,0.1327,0.6796,15.1486
0.1143,0.9886,26.9191,0.1457,0.2272,58.9869
0.0710,0.9871,42.3817,0.1182,0.8676,16.2399
0.1437,0.9859,40.0373,0.1787,0.6266,10.3804
0.0632,0.9875,33.6112,0.1418,0.5102,14.2316
0.0492,0.9902,36.4496,0.2689,0.8070,3.1061
0.0911,0.9888,37.7659,0.1023,0.5788,57.0789
0.0822,0.9890,33.8707,0.1101,0.8982,15.0320
0.0878,0.9913,34.2124,0.0917,0.9371,41.5607
0.1214,0.9885,31.1387,0.1222,0.8048,8.5666
0.1026,0.9854,39.7606,0.1054,0.7303,14.0815
0.1086,0.9866,39.0535,0.1662,0.4883,9.3662
0.1476,0.9920,24.7496,0.1541,0.9688,9.3079
0.0990,0.9905,36.4895,0.1556,0.9314,15.0697
0.0549,0.9913,37.1701,0.1760,0.4936,28.1807
0.0494,0.9935,28.9488,0.2033,0.9435,18.9104
0.0441,0.9925,37.9105,0.3226,0.7226,7.4911
0.1027,0.9883,34.9455,0.1291,0.4517,21.7229
0.1039,0.9840,46.4452,0.2200,0.4749,1.4928
0.0637,0.9909,29.8441,0.1464,0.8704,36.0487
0.1217,0.9868,39.9473,0.1419,0.5983,0.1149
0.0940,0.9896,35.9590,0.1657,0.5683,22.2825
0.0102,0.9976,50.4591,0.2192,0.8108,38.1423
0.1248,0.9899,34.5140,0.1382,0.9203,5.8161
0.0631,0.9927,31.5270,0.1073,0.9596,35.2570
0.0736,0.9913,37.5347,0.0883,0.6017,57.9989
0.0385,0.9915,45.4249,0.1806,0.9157,15.2025
0.0336,0.9938,34.5581,0.1349,0.8898,4.5060
0.0698,0.9895,42.5845,0.0821,0.9146,3.5729
0.0756,0.9886,42.5635,0.1209,0.8511,14.4107
0.1116,0.9856,43.7925,0.1459,0.8069,3.1743
0.1474,0.9853,33.6373,0.1985,0.3339,0.7705
0.0266,0.9961,38.8447,0.1625,0.9305,24.5270
0.0800,0.9901,28.3917,0.1947,0.7817,1.4205
0.0560,0.9884,39.2246,0.1596,0.8163,6.6898
0.1244,0.9842,46.1503,0.2139,0.3183,11.0066
0.0963,0.9867,39.5226,0.1500,0.7553,10.1232
0.0436,0.9935,31.0350,0.1357,0.9713,32.9587
0.0540,0.9912,37.7803,0.1355,0.8946,40.7206
0.1409,0.9885,36.6178,0.1565,0.1392,5.4333
0.0543,0.9910,34.3360,0.0980,0.9195,55.5247
0.0477,0.9914,41.0416,0.1692,0.9220,14.0196
0.1352,0.9849,36.6909,0.1352,0.5368,9.1671
0.0696,0.9882,42.1866,0.1167,0.1824,5.5484
0.0629,0.9905,33.5340,0.1360,0.7743,17.7145
0.0782,0.9886,38.1559,0.1094,0.9187,0.8657
0.0741,0.9929,20.4014,0.0832,0.9763,58.4991
0.0759,0.9869,41.7884,0.1539,0.5121,20.2415
0.0872,0.9882,36.2680,0.0954,0.8249,11.8134
0.0433,0.9923,35.6449,0.0458,0.9516,52.4038
0.1497,0.9874,31.1177,0.1842,0.2555,5.7786
0.1112,0.9878,42.4959,0.1224,0.8927,18.5261
0.0244,0.9932,43.7814,0.1710,0.8434,46.2352
0.0644,0.9907,32.5872,0.2905,0.8559,12.6113
0.0984,0.9893,29.2104,0.1587,0.9275,17.6892
0.0835,0.9887,31.5116,0.2402,0.8474,1.8954
0.0951,0.9837,44.8580,0.2230,0.3562,5.4961
0.1108,0.9826,40.3671,0.1902,0.0848,9.5884
0.0826,0.9889,40.3582,0.1098,0.9017,15.2114
0.0878,0.9875,38.3307,0.1165,0.7633,38.4130
0.0462,0.9944,31.8433,0.2130,0.9004,23.0881
0.0467,0.9915,41.8079,0.0775,0.9281,15.3510
0.0637,0.9917,39.4563,0.1108,0.8418,16.8852
0.0936,0.9884,42.2346,0.1377,0.8677,20.1445
0.0579,0.9896,42.7754,0.1413,0.8360,9.9180
0.0696,0.9883,43.8940,0.1152,0.8329,19.5948
0.1121,0.9884,39.0808,0.1345,0.3013,16.5531
0.0492,0.9910,32.8410,0.1918,0.7316,11.4626
