0.0597,0.9995,30.2260,0.1585,0.4890,10.9436
0.0493,0.9998,38.9323,0.1903,0.4737,38.1809
0.0561,0.9995,32.8137,0.1643,0.3888,26.7742
0.0588,0.9985,30.8911,0.1955,0.4025,35.8389
0.0697,0.9973,33.0624,0.1685,0.3800,13.3943
0.0542,0.9979,32.6581,0.1576,0.3754,28.1634
0.0572,0.9978,38.7703,0.1663,0.4909,7.1215
0.0598,0.9981,32.5120,0.1780,0.3834,29.7657
0.0621,0.9981,32.2565,0.1569,0.4293,30.4526
0.0475,0.9999,29.6835,0.1885,0.4285,16.7379
0.0507,0.9992,34.7356,0.1669,0.3617,14.8095
0.0459,0.9988,38.7707,0.1598,0.5679,48.0386
0.0503,0.9998,30.3889,0.1728,0.4767,5.6142
0.0498,0.9999,34.1524,0.1954,0.4971,5.5703
0.0534,0.9999,28.5108,0.1694,0.4177,46.6375
0.0517,0.9995,28.9128,0.1586,0.5627,47.5497
0.0634,0.9956,32.8164,0.1457,0.3466,47.6881
0.0569,0.9992,29.8659,0.1659,0.2904,48.7507
0.0572,0.9977,32.0372,0.1608,0.2941,9.0975
0.0501,0.9982,34.5653,0.1874,0.5150,7.4616
0.0697,0.9961,33.6497,0.1387,0.4325,12.4631
0.0620,0.9998,37.9160,0.1995,0.4941,22.5118
0.0534,0.9979,37.3017,0.1683,0.5303,7.5930
0.0524,0.9992,30.6421,0.1627,0.3601,17.1638
0.0652,1.0000,30.6710,0.1726,0.4916,1.4975
0.0584,0.9987,35.0059,0.2079,0.4321,7.2133
0.0592,0.9999,31.4939,0.1748,0.5125,6.9795
0.0648,0.9939,53.7927,0.1929,0.5488,5.2859
0.0486,0.9961,39.3325,0.1909,0.6170,10.5468
0.0519,0.9971,46.7485,0.1698,0.5949,10.0304
0.0563,0.9980,39.1585,0.1740,0.5011,6.0478
0.0681,0.9977,38.8060,0.1728,0.3754,0.6093
0.0582,0.9999,26.5656,0.1489,0.3814,53.3587
0.0519,0.9989,29.9896,0.1797,0.5229,7.1506
0.0525,0.9978,35.8163,0.1987,0.3908,18.8270
0.0657,0.9965,32.7430,0.1495,0.2055,13.0176
0.0596,0.9993,27.7265,0.1945,0.4093,21.5354
0.0538,0.9995,27.6609,0.1678,0.5072,19.0700
0.0503,0.9988,37.7665,0.1799,0.4301,6.4602
0.0672,0.9968,40.7192,0.1662,0.4562,33.1758
0.0647,0.9974,34.3742,0.1674,0.4049,39.8040
0.0518,1.0000,29.5428,0.2169,0.3945,8.6016
0.0533,0.9975,32.4844,0.1990,0.3735,20.4084
0.0519,0.9983,37.6571,0.1852,0.5137,6.9510
0.0532,0.9989,36.0223,0.1840,0.5160,16.9149
0.0580,0.9979,35.7114,0.2110,0.4036,2.9871
0.0528,1.0000,32.4754,0.1655,0.3920,54.5827
0.0504,0.9983,40.6289,0.2002,0.4695,12.4963
0.0486,0.9981,40.9839,0.1683,0.5415,14.8748
0.0602,0.9975,34.6146,0.1148,0.5787,1.3052
0.0693,0.9962,33.4498,0.1771,0.4730,25.1706
0.0479,1.0000,29.6839,0.1930,0.5200,10.4875
0.0534,0.9998,31.4978,0.1859,0.3410,7.9064
0.0611,0.9992,28.3148,0.1666,0.3158,10.8225
0.0652,0.9966,25.6629,0.1543,0.3404,33.3735
0.0584,0.9993,29.5192,0.1480,0.3611,59.3894
0.0516,0.9993,34.9457,0.1543,0.4806,33.8079
0.0501,0.9990,39.3459,0.1988,0.5587,15.5180
0.0438,0.9993,42.9456,0.1919,0.5284,14.8102
0.0491,1.0000,34.0500,0.2087,0.5023,7.6318
0.0448,0.9987,38.3469,0.1640,0.5912,10.2317
0.0556,0.9991,32.8158,0.1952,0.3525,5.1849
0.0604,0.9968,39.9845,0.1920,0.5335,16.3802
0.0576,0.9988,29.6011,0.1640,0.4308,27.3938
0.0522,0.9978,45.9011,0.1683,0.4331,0.7990
0.0472,0.9991,35.1526,0.1890,0.4730,10.8003
0.0533,0.9989,28.6581,0.1787,0.5597,18.1133
0.0520,0.9999,27.7375,0.1959,0.4792,50.4451
0.0578,0.9994,34.6537,0.1934,0.5374,6.9215
0.0523,0.9986,31.1619,0.1921,0.5881,17.8159
0.0636,0.9981,30.1553,0.1336,0.3724,4.7200
0.0464,0.9999,35.8810,0.1626,0.5008,50.9667
0.0537,0.9978,34.9957,0.1799,0.3649,0.4198
0.0630,0.9981,30.9642,0.1452,0.3917,21.0532
0.0497,0.9994,35.1867,0.1461,0.5609,5.0563
0.0681,0.9971,27.0492,0.1619,0.4290,19.3785
0.0475,0.9998,34.8279,0.2027,0.5110,7.3178
0.0583,0.9984,32.3829,0.1487,0.4596,26.3465
0.0517,0.9983,37.8420,0.1841,0.5708,6.0937
0.0521,0.9980,40.4617,0.2081,0.5735,8.2079
0.0494,0.9986,37.8902,0.1767,0.5875,2.2719
0.0502,0.9983,40.9083,0.2001,0.5585,16.3877
0.0726,0.9969,27.6872,0.1400,0.3648,16.8485
0.0514,0.9996,34.0602,0.1373,0.5522,22.2960
0.0449,1.0000,29.7893,0.1962,0.5045,1.9600
0.0661,0.9980,27.6229,0.1658,0.2756,37.4240
0.0510,0.9992,34.8649,0.2048,0.5752,10.7983
0.0618,0.9987,35.7893,0.1744,0.4328,20.3042
0.0485,0.9982,37.4314,0.1809,0.4572,7.7789
0.0505,0.9997,36.0385,0.1969,0.4488,56.2128
0.0514,0.9990,27.4989,0.1912,0.4112,20.4402
0.0547,0.9999,34.2794,0.1662,0.4149,36.8564
0.0517,0.9990,29.8090,0.1662,0.3120,40.7430
0.0466,0.9990,36.0037,0.1955,0.4479,46.0268
0.0535,0.9973,51.5163,0.1733,0.5787,8.7219
0.0578,0.9958,38.1624,0.1778,0.3435,20.1660
0.0498,0.9977,39.4643,0.1933,0.5971,20.6840
0.0544,0.9991,31.2660,0.1952,0.4242,25.8624
0.0541,0.9959,44.9326,0.1686,0.6257,11.1818
0.0544,0.9985,38.8076,0.1551,0.3858,20.3225
0.0595,0.9985,22.9406,0.1925,0.4983,32.5059
0.0486,0.9958,46.2908,0.1715,0.5451,15.4231
0.0543,0.9983,33.1437,0.1976,0.3245,22.3878
0.0580,0.9991,25.7734,0.1877,0.3245,26.3034
0.0488,0.9988,42.0166,0.1809,0.4458,10.1733
0.0532,0.9982,38.9934,0.1716,0.4937,10.7358
0.0443,1.0000,39.3492,0.1805,0.5582,11.8307
0.0669,0.9999,28.8234,0.1756,0.3972,55.8361
0.0467,0.9968,36.1852,0.1780,0.4850,8.0842
0.0395,0.9996,40.4271,0.1687,0.6536,18.6238
0.0557,0.9973,36.3093,0.1882,0.5018,6.4675
0.0511,0.9982,32.7993,0.1657,0.4513,42.9950
0.0545,0.9998,29.0864,0.1873,0.4508,32.9152
0.0523,0.9988,31.9097,0.1580,0.4255,8.7051
0.0509,0.9983,30.0301,0.1661,0.5131,16.5191
0.0427,0.9996,36.3290,0.1725,0.4625,14.7267
0.0509,0.9982,36.7990,0.1559,0.5708,15.9269
0.0568,0.9980,43.8025,0.1673,0.4178,48.3259
0.0647,0.9979,24.7265,0.1774,0.3720,39.7584
0.0548,0.9981,31.1878,0.1704,0.6195,12.7077
0.0590,0.9967,34.9648,0.1776,0.3781,7.3430
0.0507,0.9999,45.5666,0.2004,0.5042,52.1592
0.0517,0.9997,38.9130,0.1863,0.4699,50.6167
0.0602,0.9951,52.6975,0.1643,0.5256,14.3852
0.0507,0.9971,52.7358,0.1540,0.7136,11.5227
0.0556,0.9977,34.4171,0.1735,0.5051,13.8600
0.0470,0.9995,30.6728,0.1771,0.5325,10.8177
0.0718,0.9961,27.9514,0.1570,0.3046,38.0749
0.0479,1.0000,34.6660,0.1910,0.4891,5.4539
0.0581,0.9992,35.5768,0.1578,0.3685,19.2092
0.0517,0.9954,41.3625,0.1889,0.5103,12.1999
0.0501,1.0000,31.4638,0.1895,0.4797,25.0915
0.0549,0.9982,26.0397,0.1678,0.4942,3.8323
0.0450,0.9993,37.9081,0.2068,0.4441,4.4441
0.0505,0.9975,42.9644,0.1704,0.4976,0.1169
0.0498,0.9973,39.9738,0.1518,0.6848,20.4230
0.0510,0.9993,30.4303,0.1969,0.4351,21.7666
0.0490,0.9997,36.1011,0.1819,0.5259,0.9654
0.0537,0.9991,32.1458,0.1593,0.3843,24.6343
0.0552,0.9997,30.8363,0.1650,0.4521,32.2128
0.0480,0.9985,43.3801,0.2017,0.5498,20.5532
0.0424,0.9999,36.8400,0.2009,0.5059,15.5203
0.0522,0.9993,31.9805,0.1622,0.5072,45.6881
0.0511,1.0000,33.3741,0.1972,0.4874,5.5864
0.0584,0.9984,30.3265,0.1896,0.5342,40.3967
0.0582,0.9990,28.3086,0.1610,0.5240,4.4873
0.0604,0.9977,37.2960,0.1905,0.3037,15.0037
0.0698,0.9967,30.9442,0.1337,0.4861,15.3899
0.0588,0.9986,33.9477,0.1901,0.6033,19.8873
0.0506,0.9985,37.1938,0.1794,0.5102,24.7935
0.0387,0.9999,33.3625,0.1615,0.4170,11.5425
0.0549,0.9999,28.0821,0.2300,0.4385,19.9701
0.0566,0.9989,35.5009,0.1838,0.5825,12.0157
0.0460,0.9995,41.8943,0.1973,0.6402,0.9228
0.0490,0.9991,37.1041,0.1789,0.5402,4.0797
0.0497,0.9989,39.3794,0.1900,0.6306,17.2165
0.0574,0.9974,37.1611,0.1441,0.5535,1.6741
0.0534,0.9986,37.9736,0.1706,0.5542,9.2502
0.0576,0.9976,35.7910,0.1973,0.3957,13.5578
0.0443,0.9998,34.5460,0.1659,0.4740,13.6273
0.0548,0.9997,32.3591,0.1567,0.5279,7.2707
0.0471,0.9998,36.0801,0.1803,0.5210,10.1909
0.0556,0.9992,32.4061,0.1447,0.5305,20.3983
0.0549,0.9969,41.8345,0.1746,0.5379,21.1104
0.0462,0.9993,38.9606,0.1843,0.4565,4.4202
0.0581,0.9993,27.1826,0.1567,0.4309,51.2316
0.0583,0.9998,29.7481,0.1725,0.5299,42.4833
0.0524,0.9977,35.8067,0.1528,0.6162,14.5389
0.0535,0.9998,37.1494,0.1782,0.3679,18.1563
0.0460,0.9999,34.8592,0.2022,0.4827,17.6108
0.0548,0.9994,38.4537,0.1719,0.4711,0.9006
0.0565,0.9999,25.5569,0.1387,0.2874,40.0891
0.0554,0.9999,29.7937,0.1672,0.3953,23.8924
0.0512,0.9977,43.5983,0.1794,0.4581,16.2867
0.0628,0.9960,32.9672,0.1575,0.4749,37.5476
0.0448,1.0000,35.0998,0.1496,0.5546,6.7225
0.0585,0.9990,24.0948,0.1825,0.2645,25.1680
0.0473,0.9999,39.2289,0.1852,0.4703,16.2172
0.0574,0.9975,34.7030,0.1752,0.4744,5.5491
0.0566,0.9994,27.7613,0.1807,0.4558,5.0757
0.0501,0.9998,36.6685,0.2274,0.5916,29.7188
0.0469,0.9987,35.9189,0.1934,0.5352,54.7774
0.0610,0.9980,34.6852,0.1878,0.4644,45.1306
0.0465,0.9993,32.5091,0.1599,0.4348,19.9678
0.0488,0.9992,31.3398,0.1726,0.3755,16.2512
0.0615,0.9963,43.0671,0.1871,0.4942,15.8861
0.0537,0.9976,33.8112,0.1835,0.3778,31.2162
0.0548,0.9993,29.8930,0.1821,0.4812,28.9862
0.0496,0.9999,31.5493,0.2066,0.4594,21.1906
0.0507,0.9997,34.5113,0.1572,0.5675,22.9496
0.0595,0.9968,28.6762,0.1572,0.3311,21.3545
0.0612,0.9968,35.6098,0.1811,0.3549,8.0833
0.0585,0.9990,27.0628,0.1708,0.3512,51.6279
0.0510,0.9998,33.6090,0.2186,0.3657,3.0783
0.0618,0.9991,31.9977,0.1547,0.5046,22.8399
0.0465,0.9990,31.8048,0.1736,0.4491,2.7360
0.0529,0.9996,25.9225,0.1954,0.3032,24.9050
0.0407,0.9982,41.5611,0.1855,0.6523,16.8896
0.0504,0.9979,59.6416,0.1535,0.5157,6.3779
0.0505,0.9998,33.6250,0.1691,0.5446,12.7491
0.0605,1.0000,28.7431,0.1613,0.4863,41.2855
0.0576,0.9976,35.5490,0.1920,0.4108,22.6308
0.0450,0.9981,50.8567,0.1818,0.5920,3.1929
0.0493,0.9992,37.7935,0.1722,0.4996,10.0015
0.0494,0.9969,39.9782,0.1747,0.5238,7.1629
0.0638,0.9986,29.3954,0.1758,0.2799,50.7970
0.0420,0.9993,40.7140,0.1674,0.4650,1.8447
0.0461,0.9998,37.2950,0.1662,0.5410,55.0088
0.0665,0.9970,31.7910,0.1556,0.4742,8.7022
0.0563,0.9999,33.8968,0.1647,0.4140,1.1254
0.0572,0.9960,35.6456,0.1279,0.5389,12.5666
0.0563,0.9973,34.2002,0.1867,0.5611,5.0619
0.0664,0.9974,37.3001,0.1493,0.5243,11.5153
0.0604,0.9975,31.6540,0.1516,0.4137,3.6705
0.0642,0.9964,29.0404,0.1785,0.3795,59.4700
0.0540,0.9994,34.4581,0.1424,0.5590,11.9318
0.0472,0.9966,47.9492,0.1776,0.5406,4.6495
0.0457,0.9987,37.9282,0.2055,0.5002,8.9624
0.0439,0.9990,34.0808,0.1581,0.5507,15.7922
0.0477,0.9975,36.1702,0.1546,0.6214,14.0398
0.0502,0.9995,29.8030,0.1785,0.5008,11.2738
0.0529,0.9973,33.7580,0.1910,0.4132,13.1002
0.0507,0.9997,30.0806,0.1974,0.5497,41.5003
0.0557,0.9998,32.5815,0.1937,0.3498,50.3378
0.0602,0.9978,29.2958,0.1698,0.3583,17.7028
0.0529,0.9998,34.3363,0.2001,0.3777,44.8607
0.0606,0.9991,31.0412,0.2121,0.3540,11.3949
0.0426,0.9983,38.5959,0.2139,0.5023,17.5061
0.0570,0.9983,25.8100,0.2177,0.3435,27.0008
0.0503,0.9998,37.9642,0.1521,0.5043,8.5975
0.0483,0.9998,43.0252,0.1673,0.6348,12.8431
0.0464,0.9994,33.7444,0.2025,0.5357,7.9700
0.0496,0.9996,35.6952,0.1766,0.5155,12.9035
0.0606,0.9999,30.3540,0.1951,0.4876,18.2982
0.0495,1.0000,38.2500,0.1764,0.5616,2.1434
0.0562,0.9997,30.6381,0.1938,0.3865,7.1144
0.0432,1.0000,37.2600,0.2166,0.4859,15.1760
0.0584,0.9993,29.2496,0.1363,0.4326,29.1593
0.0550,0.9988,31.3211,0.1630,0.5385,6.8512
0.0725,0.9973,33.7147,0.1425,0.4646,59.3123
0.0577,0.9975,32.5533,0.1579,0.5734,31.8536
0.0506,0.9988,35.4825,0.1968,0.6140,58.3619
0.0509,0.9980,35.7847,0.1514,0.5570,19.9951
0.0613,0.9988,25.4587,0.2115,0.4145,46.7480
0.0534,0.9987,26.6614,0.1923,0.5086,25.9007
0.0498,0.9975,37.0175,0.2225,0.5545,0.1735
0.0490,0.9995,29.7625,0.1942,0.5757,17.1320
0.0505,0.9980,36.0515,0.1646,0.5131,19.2145
0.0542,0.9970,31.0388,0.1682,0.3121,26.1543
0.0496,0.9999,33.5436,0.1807,0.5857,8.1455
0.0493,0.9989,35.4643,0.1774,0.6049,2.6514
0.0572,0.9999,35.4233,0.1816,0.3733,21.3911
0.0601,0.9989,38.6591,0.1878,0.3360,17.8040
0.0532,1.0000,35.4685,0.1970,0.5235,6.2042
0.0493,0.9996,36.8022,0.1667,0.4595,8.2131
0.0484,0.9984,37.0349,0.1571,0.5375,14.4150
0.0612,0.9982,26.0414,0.1637,0.3673,6.7985
0.0471,0.9996,37.1782,0.1767,0.5345,4.1215
0.0521,0.9979,37.6307,0.2065,0.5378,17.1560
0.0509,0.9989,35.0680,0.2006,0.5250,5.7385
0.0492,0.9997,40.0692,0.1944,0.5006,48.7148
0.0526,0.9983,32.1552,0.1717,0.4910,11.4603
0.0545,0.9990,32.1898,0.1647,0.5427,11.3932
0.0548,0.9982,28.8057,0.1524,0.4340,27.2893
0.0611,0.9985,39.4740,0.2095,0.4537,7.1547
0.0610,0.9978,36.1020,0.1586,0.5370,12.7590
0.0458,0.9979,49.9921,0.2073,0.5236,7.5410
0.0474,0.9992,37.5797,0.1580,0.4396,3.8584
0.0529,0.9983,32.0164,0.2108,0.4931,8.6348
0.0556,0.9980,33.8763,0.1515,0.4916,14.4908
0.0623,0.9972,36.6299,0.1788,0.4974,17.8173
0.0516,0.9983,44.2057,0.1678,0.5362,18.4724
0.0551,1.0000,25.6467,0.1802,0.4587,16.4285
0.0605,0.9984,31.2550,0.1650,0.3838,17.6423
0.0586,0.9977,31.2408,0.1693,0.3799,8.2775
0.0550,0.9995,26.1750,0.1710,0.3599,30.9030
0.0512,0.9984,47.1335,0.1846,0.6227,20.2600
0.0561,0.9975,41.4035,0.1608,0.5745,16.1482
0.0551,0.9988,29.5763,0.1917,0.4126,51.8790
0.0554,0.9994,30.2797,0.1692,0.4645,0.5167
0.0720,0.9969,31.5822,0.1468,0.4259,18.7601
0.0576,0.9999,35.3556,0.1508,0.4472,57.1919
0.0464,0.9988,35.3241,0.1716,0.5750,14.4034
0.0538,0.9997,34.2923,0.1650,0.3893,6.2155
0.0510,0.9992,40.7962,0.1892,0.5172,2.9020
0.0449,0.9989,31.2352,0.1938,0.5853,4.2338
0.0488,0.9990,38.8108,0.2080,0.6083,17.3491
0.0585,0.9991,31.7845,0.2043,0.4685,2.9271
0.0532,0.9969,44.0902,0.1787,0.5078,16.9015
0.0461,0.9978,37.7669,0.2115,0.4696,8.2317
0.0646,0.9990,28.0447,0.1917,0.4448,44.1595
0.0508,0.9990,36.7226,0.2014,0.4949,3.0470
0.0654,0.9962,43.0339,0.1576,0.5287,2.2812
0.0615,0.9971,36.4056,0.1714,0.4575,5.2435
0.0618,0.9986,28.1641,0.1523,0.5045,36.9484
0.0673,0.9996,30.2717,0.1670,0.3033,17.0657
0.0630,0.9961,32.8604,0.1655,0.3790,14.7245
0.0539,0.9999,33.6085,0.1814,0.4366,9.4951
0.0522,0.9992,31.2909,0.1734,0.5205,17.2968
0.0453,0.9989,33.6684,0.2034,0.3073,11.9711
0.0484,0.9998,32.9519,0.1841,0.2486,30.7743
0.0503,0.9977,35.3921,0.1806,0.5070,7.2128
0.0644,0.9999,32.8411,0.1389,0.4978,3.8161
0.0513,0.9996,36.0457,0.1444,0.4914,8.4120
0.0460,0.9972,55.4552,0.1723,0.7112,0.5368
0.0592,0.9983,37.5293,0.1901,0.5534,16.7850
0.0649,0.9985,30.6847,0.1572,0.3768,28.6023
0.0528,0.9997,38.4997,0.1946,0.4463,11.9397
0.0494,0.9978,39.1519,0.1745,0.6305,18.7017
0.0781,0.9961,25.2462,0.1667,0.2932,26.7510
0.0425,0.9995,37.8742,0.1540,0.6496,1.7965
0.0562,0.9982,28.4028,0.1557,0.4122,47.6929
0.0488,1.0000,32.3399,0.1934,0.3521,20.1679
0.0535,1.0000,41.1155,0.1775,0.6390,15.4934
0.0590,0.9997,36.0862,0.1813,0.5260,22.8154
0.0448,0.9997,34.9667,0.1962,0.3396,13.0281
0.0554,0.9980,41.2073,0.1777,0.4722,16.6576
0.0489,0.9982,41.8293,0.1783,0.4200,26.3263
0.0493,0.9974,34.7040,0.1972,0.3514,5.5592
0.0585,0.9980,32.3138,0.1492,0.3556,4.1909
0.0530,0.9994,33.0949,0.1670,0.3984,7.5543
0.0503,0.9980,37.3104,0.1776,0.5786,11.9410
0.0534,0.9972,49.3623,0.1939,0.6722,2.2111
0.0495,0.9999,32.4877,0.1480,0.6009,42.6699
0.0551,0.9991,35.2937,0.1961,0.4595,22.6128
0.0471,0.9991,42.0506,0.1901,0.5760,3.2792
0.0575,0.9981,38.6712,0.1693,0.5763,10.6724
0.0484,0.9999,37.4466,0.2202,0.3843,30.1890
0.0500,0.9999,34.5955,0.1850,0.4586,13.6914
0.0479,0.9999,37.1884,0.1874,0.4276,20.9291
0.0522,0.9985,36.8431,0.1512,0.3417,37.1067
0.0495,0.9999,35.6747,0.1623,0.5146,13.1303
0.0641,0.9986,34.6860,0.1672,0.5250,10.5790
0.0446,0.9990,35.6916,0.1865,0.4976,10.8551
0.0480,0.9989,37.0949,0.1714,0.5672,8.9499
0.0626,0.9965,33.6885,0.1839,0.5213,7.3050
0.0589,0.9955,33.4453,0.1652,0.3460,44.2784
0.0610,0.9974,30.7866,0.1784,0.5295,9.6271
0.0528,0.9993,34.8312,0.1919,0.4664,17.6607
0.0539,0.9992,46.0934,0.1726,0.5518,11.1554
0.0548,0.9958,40.4458,0.1362,0.3377,29.5642
0.0476,0.9994,34.1655,0.1720,0.4391,21.4835
0.0537,0.9983,41.0020,0.1422,0.4863,8.9448
0.0537,0.9980,33.2336,0.1878,0.3500,13.0363
0.0640,0.9992,33.1587,0.1852,0.5087,4.0519
0.0543,0.9985,30.1687,0.1790,0.3611,14.4929
0.0597,0.9994,30.3376,0.1870,0.4003,13.1002
0.0517,0.9988,35.2600,0.2004,0.4490,17.6630
0.0578,0.9985,37.3690,0.1606,0.5006,11.9128
0.0627,0.9960,36.0086,0.1599,0.5557,4.7977
0.0481,0.9990,33.7453,0.1601,0.5495,54.2654
0.0467,0.9978,58.5495,0.1817,0.5737,34.7476
0.0467,0.9992,38.5110,0.1868,0.5309,7.9663
0.0410,0.9986,44.6610,0.2082,0.5698,12.3628
0.0608,0.9994,26.1283,0.1741,0.3920,9.3972
0.0573,0.9962,39.2418,0.1140,0.5887,7.7619
0.0537,0.9973,40.1561,0.1875,0.4285,1.1410
0.0510,0.9990,37.9341,0.1650,0.6267,12.8275
0.0559,0.9981,26.4473,0.1813,0.4155,12.9009
0.0543,0.9982,35.4387,0.1606,0.5745,0.9966
0.0566,0.9992,26.0455,0.1855,0.4170,28.6925
0.0474,0.9998,35.4347,0.1787,0.4623,29.2315
0.0557,0.9995,30.9175,0.1639,0.5049,1.7572
0.0529,0.9994,44.0275,0.1810,0.5829,27.9241
0.0583,0.9983,27.6497,0.1730,0.3653,41.2778
0.0443,0.9996,34.5614,0.2200,0.4761,7.6592
0.0537,0.9981,32.3887,0.1503,0.5375,2.7530
0.0559,1.0000,29.8782,0.1598,0.3114,21.3366
0.0743,0.9951,38.0068,0.1852,0.4440,6.3451
0.0451,0.9999,38.6229,0.2219,0.5238,3.7124
0.0436,0.9992,36.1692,0.1956,0.5098,3.2477
0.0477,0.9980,44.6081,0.1647,0.6565,12.6632
0.0546,0.9973,27.6591,0.1600,0.4053,56.1834
0.0527,1.0000,35.4964,0.1584,0.6270,17.2260
0.0572,0.9988,34.6839,0.1896,0.4438,2.7955
0.0500,0.9958,38.6971,0.1601,0.6253,18.1969
0.0620,0.9987,25.3090,0.1746,0.3443,21.9425
0.0501,0.9997,38.6341,0.1841,0.3555,7.0903
0.0575,0.9999,29.2261,0.1872,0.5095,22.3490
0.0494,0.9997,31.3216,0.1678,0.4316,9.0029
0.0485,0.9972,38.8020,0.1699,0.4283,17.7998
0.0597,0.9975,29.2342,0.1392,0.5082,3.6534
0.0571,1.0000,33.4624,0.1722,0.4653,8.2210
0.0660,0.9971,34.1653,0.1672,0.4801,10.0550
0.0579,0.9987,34.1456,0.1628,0.4719,29.4844
0.0629,0.9953,27.2535,0.1584,0.3203,30.6576
0.0583,0.9975,37.1688,0.1703,0.4688,19.8383
0.0482,0.9990,35.6638,0.1778,0.5131,11.4940
0.0640,0.9986,29.5806,0.1674,0.4084,5.4647
0.0638,0.9977,33.2951,0.1438,0.4110,12.4744
0.0462,1.0000,32.3472,0.1759,0.3144,5.5786
0.0434,0.9992,41.2461,0.1648,0.5308,22.7678
0.0539,0.9997,32.0093,0.1803,0.3988,42.3662
0.0487,0.9999,36.1783,0.1724,0.4916,16.1722
0.0479,0.9994,31.7726,0.1619,0.4183,18.1382
0.0529,0.9969,34.6059,0.1499,0.4936,24.4961
0.0668,0.9975,33.4236,0.1649,0.3781,32.5090
0.0549,0.9983,33.4610,0.1755,0.5982,23.2538
0.0617,0.9954,59.1241,0.1614,0.3902,6.1404
0.0438,0.9982,34.6182,0.1724,0.5056,32.8299
0.0503,0.9987,33.5334,0.1905,0.4959,28.0146
0.0459,0.9993,33.2415,0.1631,0.4663,59.7130
0.0611,0.9976,35.4590,0.1718,0.4292,23.6941
0.0469,0.9998,32.8998,0.1899,0.5209,9.3549
0.0628,0.9972,35.3906,0.1620,0.5028,7.7290
0.0608,0.9962,37.9617,0.1544,0.6306,19.1907
0.0521,0.9993,38.3811,0.1899,0.4897,38.7463
0.0553,0.9988,33.5864,0.1648,0.5956,15.6919
0.0535,0.9987,31.4949,0.1904,0.3178,14.3285
0.0448,0.9992,48.9270,0.2077,0.4829,10.1538
0.0506,1.0000,37.7479,0.1730,0.5150,15.6506
0.0571,0.9981,37.9932,0.1620,0.5672,5.3399
0.0458,0.9999,42.7966,0.1848,0.3201,19.7971
0.0610,0.9978,38.2444,0.1526,0.4002,19.4083
0.0554,0.9990,36.5147,0.1589,0.5622,5.2198
0.0541,0.9996,31.4856,0.1960,0.4305,16.4294
0.0532,0.9977,31.0350,0.1540,0.3016,28.6325
0.0537,0.9992,32.7907,0.1649,0.4767,13.3231
0.0531,0.9999,31.0476,0.1391,0.5469,24.2825
0.0565,0.9981,28.7234,0.1779,0.4463,22.6893
0.0558,0.9977,33.7934,0.1248,0.5292,18.5094
0.0497,0.9983,43.9743,0.1843,0.5441,2.6805
0.0519,0.9989,36.8065,0.1599,0.4806,10.7489
0.0491,0.9987,28.1418,0.1727,0.5991,26.6603
0.0683,0.9969,28.6288,0.1503,0.3700,20.8532
0.0577,0.9980,31.4568,0.1803,0.3900,15.3327
0.0525,0.9992,33.4861,0.1386,0.5148,34.8501
0.0567,0.9995,31.2360,0.1403,0.5059,22.6376
0.0547,0.9984,32.5302,0.1687,0.4799,6.4388
0.0529,0.9978,40.6451,0.1822,0.5181,10.8986
0.0624,0.9991,31.3093,0.2001,0.4729,6.7974
0.0591,0.9975,33.8472,0.1793,0.3084,22.7991
0.0489,0.9999,32.8654,0.1540,0.5279,12.3435
0.0505,0.9990,28.4364,0.2087,0.4842,16.2402
0.0488,0.9998,34.0526,0.1882,0.5559,12.3100
0.0603,0.9979,36.9994,0.1662,0.5390,8.3211
0.0585,0.9986,32.0042,0.1503,0.3934,4.6989
0.0484,0.9995,30.7050,0.1729,0.3943,17.7327
0.0504,0.9974,43.4539,0.1790,0.5033,8.2929
0.0506,1.0000,40.2700,0.2123,0.4395,16.5414
0.0619,0.9995,33.9424,0.1624,0.3707,2.4900
0.0580,0.9976,33.9079,0.1751,0.5258,8.1577
0.0472,0.9989,36.9634,0.2044,0.4906,35.1106
0.0434,0.9983,44.7995,0.1631,0.5817,9.6669
0.0474,0.9998,28.5833,0.2164,0.3870,33.0399
0.0509,0.9996,33.9697,0.1822,0.3390,7.7583
0.0474,0.9990,37.7589,0.1736,0.5475,0.0826
0.0424,0.9987,31.8846,0.1835,0.5185,4.0422
0.0456,0.9992,34.8607,0.2109,0.4841,7.0491
0.0589,0.9969,32.8120,0.1536,0.4187,51.9823
0.0452,0.9987,44.0128,0.1747,0.5725,14.4059
0.0491,0.9977,34.4079,0.1861,0.4685,22.7379
0.0517,0.9990,40.2606,0.1683,0.4639,5.2729
0.0430,0.9998,33.8838,0.1661,0.5799,3.8602
0.0442,0.9991,32.5983,0.1644,0.5041,12.0479
0.0523,0.9993,30.5700,0.1509,0.5061,59.7887
0.0499,0.9992,36.6759,0.1686,0.5334,1.4115
0.0488,0.9997,34.2931,0.1638,0.5141,7.6303
0.0473,0.9999,33.4510,0.1588,0.4426,19.8310
0.0476,0.9985,36.5715,0.2210,0.5460,11.9522
0.0538,0.9979,42.0180,0.1646,0.5649,9.2302
0.0526,0.9975,35.6874,0.1545,0.4520,10.0089
0.0469,0.9968,40.5098,0.1619,0.5119,11.1721
0.0541,0.9969,52.3283,0.1822,0.4605,1.8558
0.0606,0.9973,34.6397,0.1585,0.3497,7.7773
0.0465,0.9987,34.1238,0.1664,0.4415,13.4545
0.0609,0.9979,35.7258,0.1904,0.4672,16.7785
0.0508,0.9980,43.2190,0.1638,0.4831,12.5880
0.0567,0.9998,31.1441,0.1723,0.4772,17.9501
0.0477,0.9996,39.0673,0.1624,0.6185,23.8370
0.0608,0.9975,27.7078,0.1830,0.2786,35.3979
0.0406,0.9993,37.0649,0.1584,0.5584,22.1671
0.0662,0.9977,36.4082,0.1626,0.5646,5.0356
0.0620,0.9990,25.6297,0.1910,0.4186,36.0361
0.0517,0.9999,38.4323,0.2224,0.4715,14.4624
0.0530,0.9987,29.6420,0.1696,0.3765,45.9747
0.0696,0.9964,29.4568,0.1518,0.5102,30.8735
0.0450,0.9991,33.8346,0.1912,0.5233,20.9484
0.0680,0.9968,36.5150,0.1721,0.5314,38.0490
0.0638,0.9981,33.1806,0.1797,0.3822,34.5799
0.0565,0.9967,35.7521,0.1924,0.3330,3.6759
0.0488,0.9983,33.7822,0.1707,0.3581,15.8004
0.0589,0.9995,28.4505,0.1686,0.3604,42.3216
0.0474,0.9975,38.1635,0.2050,0.5855,16.1944
0.0554,0.9974,39.5733,0.1848,0.5125,15.4436
0.0503,0.9998,29.7662,0.2090,0.3744,48.7291
0.0566,0.9984,26.0846,0.1746,0.3336,59.3675
0.0543,0.9982,32.2455,0.1669,0.4796,34.2136
0.0595,0.9994,35.9995,0.1819,0.3746,46.2848
0.0549,0.9991,36.0948,0.1660,0.4484,11.6740
0.0528,0.9999,38.5966,0.2011,0.3379,19.2093
0.0674,0.9979,28.7962,0.2003,0.3741,1.6758
0.0483,0.9968,47.6067,0.1733,0.6062,4.1669
0.0544,0.9990,36.9013,0.1822,0.5026,52.0614
0.0651,0.9989,26.8393,0.1944,0.3585,3.4155
0.0459,0.9977,56.7350,0.2201,0.5685,3.7516
0.0510,0.9990,31.1742,0.1972,0.4470,1.6509
0.0560,0.9978,39.8826,0.1567,0.5143,45.9996
0.0609,0.9999,30.5232,0.1784,0.4393,17.0786
0.0485,0.9980,36.7466,0.2135,0.3376,16.7111
0.0540,0.9999,30.3314,0.1701,0.4266,7.8698
0.0465,0.9969,57.7824,0.1938,0.6536,13.0794
0.0485,0.9968,36.6125,0.1588,0.5466,29.0240
0.0438,0.9987,38.6293,0.1914,0.5756,19.7034
0.0506,0.9997,28.4068,0.1308,0.5398,47.9116
0.0596,0.9997,28.6804,0.1262,0.5050,32.7851
0.0557,0.9986,37.4158,0.1824,0.5653,6.5140
0.0534,0.9984,37.1477,0.2106,0.4071,16.3348
0.0597,0.9991,25.2864,0.1544,0.4238,22.1885
0.0445,0.9986,36.7498,0.1976,0.5539,2.2048
0.0449,0.9999,32.9507,0.2175,0.4462,17.4577
0.0509,0.9994,34.6796,0.1661,0.3476,2.9607
0.0524,0.9999,34.1292,0.1569,0.5995,11.5286
0.0580,0.9986,30.1460,0.1549,0.5152,41.8801
0.0570,0.9975,35.9923,0.1905,0.5582,19.6610
0.0535,0.9986,41.2581,0.1917,0.4317,0.7068
0.0592,0.9989,39.6828,0.1513,0.5001,10.1993
0.0471,0.9986,35.6196,0.1678,0.5914,24.9795
0.0652,0.9987,32.2765,0.1752,0.4034,14.3147
0.0504,0.9983,36.6840,0.1729,0.4672,26.9994
0.0497,0.9994,33.8496,0.1415,0.5701,56.3735
0.0633,0.9983,31.8020,0.1859,0.4923,2.8058
0.0522,0.9987,35.8045,0.1710,0.5149,14.2541
0.0511,0.9985,32.5355,0.1830,0.5751,9.3996
0.0565,0.9997,32.8854,0.1459,0.4152,9.3160
0.0513,0.9998,31.4056,0.1560,0.4239,19.0006
0.0519,0.9987,32.3597,0.1683,0.3307,47.4981
0.0499,0.9989,39.8691,0.1805,0.5455,5.5008
0.0573,0.9986,38.4554,0.1827,0.3669,34.2395
0.0512,0.9994,29.3745,0.1968,0.3509,2.6067
0.0660,0.9967,32.5133,0.1643,0.3184,43.3756
0.0622,0.9978,31.2044,0.1646,0.2092,23.5981
0.0566,0.9992,33.1475,0.2293,0.4637,7.9165
0.0577,0.9963,38.9750,0.1870,0.3917,16.9167
0.0543,0.9975,47.9934,0.2114,0.4928,21.3724
0.0534,0.9988,36.5178,0.1435,0.4767,35.1543
0.0527,0.9967,41.0873,0.1446,0.5834,19.6233
0.0521,0.9999,37.6050,0.2128,0.3693,3.6299
0.0633,0.9975,31.9530,0.1744,0.4440,0.2219
0.0558,0.9975,39.4791,0.1685,0.4955,19.3858
0.0536,0.9983,37.9233,0.1811,0.5316,8.3759
0.0489,0.9991,28.8761,0.1808,0.4582,10.8528
0.0539,1.0000,32.4375,0.1936,0.6374,17.6647
0.0669,0.9975,35.8554,0.1661,0.2999,29.7778
0.0553,1.0000,36.8762,0.1569,0.4647,6.6546
0.0513,0.9998,33.9039,0.1518,0.5448,48.2212
0.0525,0.9969,36.9411,0.1607,0.4977,15.2262
0.0674,0.9966,30.3412,0.1595,0.3588,14.5148
0.0580,0.9969,39.9751,0.1794,0.5195,15.8678
0.0510,0.9999,30.2137,0.1649,0.4789,55.0543
0.0620,0.9986,36.1382,0.1735,0.4666,15.4524
0.0509,0.9995,35.0056,0.1622,0.4963,46.5634
0.0544,0.9986,34.9751,0.1689,0.5121,29.3382
0.0442,0.9975,45.8129,0.1611,0.6050,9.6633
0.0467,1.0000,34.0681,0.1813,0.4543,11.8638
0.0462,0.9996,30.9309,0.1797,0.2835,14.9088
0.0449,0.9997,34.3883,0.2004,0.5378,13.0499
0.0518,0.9983,27.4129,0.1618,0.5060,30.8273
0.0510,0.9990,38.2537,0.1720,0.4992,12.4191
0.0501,0.9983,32.9670,0.1556,0.5882,4.9793
0.0572,0.9984,31.7639,0.2007,0.4105,45.3512
0.0523,0.9996,32.3512,0.1683,0.3934,14.1249
0.0624,0.9988,28.5200,0.1687,0.3692,58.6203
0.0572,0.9984,37.7092,0.1885,0.4130,10.7601
0.0491,0.9999,38.7134,0.1698,0.4846,7.6208
0.0613,0.9988,33.1948,0.1265,0.4269,55.7095
0.0550,0.9982,29.3504,0.1830,0.4949,35.9492
0.0569,0.9987,33.8380,0.1895,0.3232,22.0423
0.0553,0.9977,36.5510,0.1384,0.5633,11.8936
0.0620,0.9995,29.7918,0.1584,0.5794,15.4049
0.0593,0.9967,32.3817,0.1409,0.3939,35.3507
0.0576,0.9979,35.6467,0.1641,0.5241,10.4177
0.0571,0.9985,38.8552,0.1813,0.4085,48.4753
0.0608,0.9996,27.9284,0.1544,0.5015,5.6864
0.0522,0.9979,37.3595,0.1720,0.4569,14.4982
0.0546,0.9981,35.1488,0.1912,0.5725,15.0316
0.0562,1.0000,27.8070,0.1935,0.4065,58.0783
0.0521,0.9992,30.0004,0.1960,0.4192,3.2096
0.0448,0.9993,31.2326,0.1840,0.3284,6.1744
0.0481,0.9997,30.9490,0.1978,0.4672,21.5790
0.0611,0.9981,32.4311,0.1545,0.4471,49.3976
0.0588,0.9991,27.4308,0.1537,0.4741,12.3314
0.0650,0.9965,31.0310,0.1334,0.4766,39.4629
0.0480,0.9992,32.7631,0.1795,0.3785,42.2769
0.0618,0.9979,35.1353,0.1475,0.4470,7.0584
0.0573,0.9986,31.1024,0.1622,0.3909,12.4918
0.0552,0.9997,31.5192,0.1860,0.4240,23.9228
0.0553,0.9979,35.4679,0.2109,0.4156,15.8866
0.0603,0.9986,33.8792,0.1636,0.4929,13.9023
0.0517,0.9992,35.1222,0.1802,0.3666,12.6100
0.0616,0.9970,44.3845,0.1725,0.4589,0.1411
0.0499,0.9975,36.1884,0.1654,0.4618,3.1783
0.0556,0.9996,28.3348,0.1675,0.4000,48.3233
0.0547,0.9998,30.8180,0.1708,0.5714,54.6020
0.0518,0.9999,28.1278,0.2241,0.4444,18.4309
0.0492,0.9984,34.6582,0.1927,0.3909,24.7992
0.0783,0.9956,31.8581,0.1537,0.3678,12.3585
0.0495,0.9984,33.1545,0.1599,0.5303,6.5051
0.0505,0.9982,35.5299,0.1472,0.5366,1.0765
0.0567,0.9994,30.9927,0.1511,0.2626,59.4147
0.0452,0.9987,29.9928,0.1998,0.4907,8.6149
0.0543,0.9978,42.1764,0.1521,0.6036,9.2873
0.0631,0.9983,31.4667,0.1445,0.4389,20.9628
0.0605,0.9983,31.4279,0.1863,0.4711,7.9436
0.0598,0.9981,28.1840,0.1635,0.2423,38.7799
0.0529,0.9984,39.9913,0.2044,0.4572,8.7890
0.0476,0.9988,35.1509,0.1641,0.4111,30.7523
0.0500,0.9989,26.8990,0.1779,0.4798,40.0109
0.0506,0.9986,36.1532,0.2171,0.4454,17.4212
0.0487,1.0000,25.2261,0.1535,0.4143,37.2807
0.0699,0.9967,32.6269,0.1773,0.4492,8.2184
0.0501,0.9994,40.5671,0.2178,0.5312,8.4450
0.0636,0.9979,36.2837,0.1708,0.1979,20.5962
0.0477,0.9991,42.7062,0.1742,0.6420,6.8580
0.0574,0.9984,33.1846,0.1934,0.5185,16.4645
0.0523,0.9990,32.1631,0.1864,0.3947,13.6386
0.0597,0.9986,30.2863,0.1555,0.3292,20.5225
0.0458,0.9994,40.2815,0.2148,0.5649,1.2917
0.0469,0.9982,34.3997,0.1717,0.4862,18.5846
0.0535,0.9981,36.0719,0.1442,0.4669,6.6270
0.0484,0.9996,35.6672,0.1964,0.5480,3.2744
0.0599,0.9981,28.2891,0.1751,0.4724,34.6150
0.0510,0.9989,42.3223,0.1762,0.5624,11.5765
0.0501,0.9997,29.9980,0.1684,0.3358,37.6474
0.0602,0.9989,30.6389,0.1296,0.6101,17.3986
0.0424,0.9982,38.5725,0.1924,0.5313,25.8640
0.0577,0.9984,33.1402,0.1816,0.3127,10.5032
0.0507,0.9997,29.5251,0.1398,0.5908,12.2100
0.0500,0.9999,40.0807,0.1782,0.4039,50.9036
0.0502,0.9989,31.0298,0.1729,0.3472,17.2603
0.0553,0.9978,39.1504,0.1613,0.4170,12.4780
0.0728,0.9954,34.0296,0.1671,0.2335,3.1420
0.0575,0.9995,33.9265,0.1619,0.3784,15.9971
0.0598,0.9986,29.5077,0.1929,0.4000,4.7063
0.0433,0.9995,40.2050,0.1842,0.5840,1.1121
0.0558,0.9981,30.1304,0.1849,0.3450,21.7170
0.0582,0.9984,34.2152,0.1493,0.5099,9.4794
0.0476,0.9978,34.9862,0.1802,0.5127,15.6993
0.0563,0.9996,30.8779,0.1878,0.4238,40.7948
0.0573,0.9989,31.5141,0.1889,0.3758,12.1121
0.0463,0.9995,38.8075,0.1636,0.6417,22.6362
0.0550,0.9989,30.3743,0.2220,0.3792,11.1814
0.0453,0.9992,39.8573,0.1916,0.5030,58.2283
0.0616,0.9989,26.9767,0.1673,0.5505,27.4284
0.0583,0.9998,36.9422,0.1936,0.3967,4.4245
0.0527,0.9986,31.5954,0.1993,0.3418,21.2784
0.0521,0.9999,37.2986,0.1772,0.3986,28.7555
0.0514,0.9973,45.4430,0.1630,0.3638,10.0730
0.0414,0.9995,37.7140,0.2038,0.3821,38.8498
0.0564,0.9975,34.7611,0.1615,0.4618,8.9433
0.0506,0.9996,35.9646,0.1897,0.3426,7.6045
0.0493,0.9995,37.8099,0.1618,0.5181,9.9994
0.0443,0.9990,34.5341,0.2117,0.4030,2.0292
0.0440,0.9981,43.2225,0.1460,0.6605,11.8348
0.0444,0.9994,32.3574,0.2087,0.4415,2.5548
0.0603,0.9971,38.6533,0.1471,0.4413,17.4518
0.0599,0.9979,44.2019,0.1549,0.4443,16.4832
0.0515,0.9999,37.8399,0.1490,0.4438,18.7601
0.0485,0.9991,41.0713,0.2162,0.4538,24.2692
0.0677,0.9984,32.2192,0.1823,0.4210,5.5316
0.0539,0.9995,33.2385,0.1819,0.4619,13.9460
0.0628,0.9969,48.2418,0.1982,0.4232,41.6488
0.0663,0.9951,42.7277,0.1782,0.4411,6.2566
0.0504,0.9998,30.3550,0.1488,0.5243,17.9632
0.0617,0.9988,36.0491,0.1766,0.3856,0.3293
0.0787,0.9960,29.7527,0.1681,0.3255,24.6167
0.0569,0.9962,52.7341,0.1797,0.4512,15.2910
0.0557,0.9996,34.8319,0.1795,0.4000,0.7844
0.0545,0.9985,34.7890,0.1883,0.3158,8.1974
0.0549,0.9967,41.2456,0.1692,0.5048,14.6731
0.0535,0.9978,29.8362,0.1654,0.1874,25.4820
0.0513,0.9989,35.2327,0.1824,0.5794,29.2866
0.0443,0.9990,46.5122,0.1518,0.5873,11.9453
0.0513,0.9990,37.8071,0.1568,0.4411,17.6924
0.0701,0.9963,44.2006,0.1544,0.4494,2.5912
0.0525,0.9980,36.3146,0.1929,0.4454,19.6943
0.0501,0.9985,34.1647,0.1581,0.5056,15.5581
0.0513,0.9990,37.2551,0.2004,0.6126,0.4655
0.0555,0.9979,28.2468,0.2000,0.4267,0.9576
0.0510,0.9997,32.1148,0.1954,0.6629,5.9556
0.0542,0.9988,40.6603,0.1918,0.4878,23.5869
0.0545,0.9976,31.9002,0.1730,0.4306,11.3303
0.0520,0.9994,39.2359,0.1789,0.5464,35.2741
0.0496,1.0000,30.4072,0.1859,0.4411,25.1399
0.0544,0.9958,39.9277,0.1660,0.5324,15.5827
0.0483,0.9986,41.1658,0.1853,0.5230,6.0878
0.0549,0.9999,30.3428,0.1291,0.4843,21.2626
0.0598,0.9981,28.0984,0.1555,0.4886,5.4910
0.0633,0.9990,30.3524,0.1789,0.4212,16.8594
0.0475,0.9982,45.5770,0.1737,0.4901,13.6894
0.0564,0.9979,39.7432,0.1667,0.6344,8.9943
0.0520,0.9993,32.8824,0.1597,0.4603,51.8704
0.0656,0.9988,31.1421,0.1207,0.3798,39.4610
0.0503,0.9992,36.0497,0.1859,0.6000,41.5080
0.0561,0.9999,36.0238,0.1594,0.5737,13.1103
0.0537,0.9983,33.8847,0.1783,0.4420,3.1931
0.0484,0.9996,32.1862,0.2041,0.5014,56.1840
0.0514,0.9997,33.5561,0.1755,0.5680,11.8397
0.0468,0.9993,33.3161,0.1733,0.5029,9.5624
0.0510,0.9988,30.4115,0.2012,0.3201,15.6799
0.0554,0.9986,33.1546,0.1797,0.4689,4.9494
0.0490,0.9997,35.1635,0.1414,0.4306,22.8316
0.0542,0.9996,27.3951,0.1865,0.4855,37.1390
0.0498,0.9997,27.1521,0.2166,0.3114,19.4158
0.0467,0.9998,36.1903,0.1904,0.4080,28.1749
0.0595,0.9974,28.2627,0.1697,0.3131,57.3311
0.0579,0.9998,28.1844,0.1651,0.3167,48.5511
0.0465,0.9982,41.2589,0.1527,0.5599,6.8558
0.0433,0.9973,59.0174,0.1677,0.5801,0.4836
0.0597,0.9980,39.8018,0.1967,0.3895,1.2589
0.0649,0.9973,34.1386,0.1645,0.2898,49.5700
0.0477,0.9974,37.6279,0.1548,0.6623,2.1969
0.0512,0.9994,30.2616,0.1764,0.3921,12.8775
0.0654,0.9971,31.1501,0.1429,0.4367,23.8753
0.0439,0.9995,37.6370,0.2106,0.4547,6.7831
0.0613,0.9993,27.3352,0.1490,0.4064,56.6845
0.0539,0.9992,35.3168,0.1594,0.4699,54.5052
0.0616,0.9993,30.5299,0.1504,0.4078,4.0955
0.0504,0.9995,34.9861,0.1666,0.3576,19.1628
0.0489,0.9960,38.0484,0.2031,0.5045,18.1543
0.0451,0.9989,44.8914,0.1990,0.5276,11.4924
0.0597,0.9983,31.4601,0.1377,0.5962,30.3221
0.0617,0.9964,35.7868,0.1733,0.3442,26.4484
0.0447,0.9998,36.7702,0.1671,0.4693,14.8778
0.0495,0.9997,36.6283,0.2084,0.5332,20.4559
0.0508,0.9980,37.0409,0.1759,0.6535,20.3741
0.0509,0.9980,34.5376,0.1601,0.5927,8.2380
0.0530,0.9991,33.2276,0.1247,0.5994,16.5204
0.0574,0.9995,31.3670,0.1610,0.3782,46.9002
0.0576,0.9986,32.6194,0.1492,0.4674,8.0991
0.0588,0.9994,28.3998,0.1378,0.4347,9.0734
0.0499,1.0000,32.8567,0.2036,0.4421,27.6399
0.0528,0.9993,31.7782,0.1626,0.5328,9.3277
0.0541,0.9966,38.1509,0.1937,0.4855,3.8206
0.0492,0.9988,36.5342,0.1901,0.3610,10.7026
0.0413,0.9990,34.3271,0.1997,0.4634,6.6550
0.0491,0.9982,37.5786,0.2046,0.5465,22.7157
0.0530,0.9998,36.0654,0.1717,0.6199,8.2038
0.0531,0.9988,35.4933,0.1758,0.5506,6.9271
0.0499,1.0000,33.4968,0.2105,0.4834,44.3718
0.0523,0.9980,35.5525,0.1467,0.5484,25.1049
0.0639,0.9981,30.2002,0.1929,0.3220,6.6671
0.0607,0.9967,31.9628,0.1715,0.2908,34.6523
0.0501,0.9988,37.4099,0.1772,0.5398,8.8727
0.0556,0.9982,37.6745,0.1928,0.5038,11.0730
0.0521,0.9982,40.0200,0.1734,0.5410,15.7288
0.0702,0.9971,29.0584,0.1710,0.4111,14.0466
0.0507,0.9998,37.2832,0.1563,0.5061,3.8539
0.0641,0.9982,35.3756,0.2056,0.5454,15.9902
0.0549,0.9976,36.7538,0.1435,0.5126,53.8644
0.0384,0.9978,55.5991,0.1830,0.6830,9.0492
0.0549,0.9983,34.9021,0.1960,0.4799,13.8900
0.0467,0.9991,39.2327,0.2020,0.4083,10.9109
0.0459,0.9994,32.5054,0.1641,0.5406,6.5124
0.0539,1.0000,38.7462,0.1746,0.5936,7.5045
0.0504,0.9986,34.4848,0.1610,0.5069,22.4006
0.0559,0.9979,31.8567,0.1849,0.4558,12.5028
0.0476,0.9979,38.9897,0.1726,0.5455,16.0680
0.0507,0.9998,30.8198,0.1738,0.5623,37.8439
0.0615,0.9986,27.0574,0.1672,0.4007,22.0353
0.0437,0.9993,46.1466,0.2022,0.6139,8.6075
0.0535,0.9997,31.5178,0.1917,0.4821,17.3187
0.0590,0.9978,34.0066,0.1778,0.3465,4.3056
0.0581,0.9994,34.0047,0.1923,0.5405,0.5347
0.0620,0.9963,43.0717,0.1415,0.5012,11.1150
0.0507,1.0000,33.1240,0.2078,0.4477,24.1973
0.0552,0.9989,42.2463,0.1856,0.4626,2.5882
0.0483,0.9966,52.5107,0.1840,0.5029,10.1461
0.0540,0.9972,33.6064,0.1355,0.5355,21.8631
0.0501,0.9977,56.1100,0.1718,0.5479,44.3046
0.0498,0.9995,28.9243,0.1991,0.3596,10.9538
0.0590,0.9981,44.6436,0.1738,0.5293,4.0298
0.0538,0.9988,33.4192,0.1921,0.4821,7.1632
0.0620,0.9968,33.7503,0.1837,0.5265,12.3446
0.0506,0.9981,40.5166,0.2072,0.5006,18.3830
0.0543,0.9991,23.3722,0.1660,0.4212,36.8565
0.0502,0.9986,31.2464,0.1911,0.5145,5.9942
0.0580,0.9973,26.0961,0.1456,0.4607,28.7088
0.0511,0.9970,35.9747,0.1770,0.5056,5.0275
0.0480,0.9999,35.0660,0.1669,0.5634,8.5100
0.0571,0.9987,32.3180,0.1881,0.4067,15.9613
0.0509,0.9990,35.2006,0.1666,0.5162,33.7629
0.0583,0.9999,35.7776,0.1637,0.3989,15.7990
0.0534,0.9995,31.0290,0.1842,0.4758,25.8103
0.0459,0.9993,35.7764,0.1998,0.4207,35.1869
0.0512,0.9989,33.1856,0.1969,0.4763,10.1960
0.0502,0.9982,34.3625,0.1500,0.4673,25.0953
0.0591,0.9994,30.4496,0.1724,0.2462,15.2093
0.0464,0.9990,44.2938,0.2025,0.5350,35.5069
0.0579,0.9995,38.7734,0.1975,0.6219,5.6508
0.0569,0.9996,30.3399,0.1623,0.3455,12.5312
0.0503,0.9999,32.5601,0.1443,0.4892,30.9816
0.0747,0.9968,40.3942,0.1584,0.3986,0.5079
0.0547,0.9988,31.1142,0.1484,0.4542,8.2319
0.0518,0.9987,40.2888,0.1868,0.4751,45.1090
0.0529,0.9990,42.2689,0.1967,0.5205,6.9523
0.0557,0.9979,41.8520,0.1737,0.4711,13.5775
0.0503,1.0000,28.1314,0.2002,0.4573,8.1484
0.0457,0.9976,45.9947,0.1856,0.6409,10.8497
0.0455,0.9986,38.0703,0.1791,0.5101,4.1951
0.0496,0.9987,33.6794,0.1833,0.4695,0.3892
0.0485,0.9997,30.2281,0.2013,0.3612,9.5990
0.0451,0.9998,31.2700,0.1788,0.4166,12.0203
0.0549,0.9994,28.1570,0.2164,0.3574,57.7796
0.0560,0.9978,36.8541,0.1841,0.5040,12.2908
0.0567,0.9989,34.6722,0.1756,0.4818,2.2037
0.0553,0.9981,38.8194,0.1422,0.5671,13.8490
0.0560,0.9984,40.4967,0.1831,0.5686,20.1071
0.0552,0.9992,37.8043,0.1649,0.4288,4.9709
0.0518,0.9986,28.0525,0.1811,0.4481,17.0748
0.0520,0.9989,35.1859,0.1487,0.3488,10.2258
0.0520,0.9998,40.2236,0.1754,0.5785,3.9333
0.0588,0.9993,30.4325,0.1840,0.3243,17.7295
0.0493,0.9993,36.6320,0.2081,0.4710,19.3892
0.0521,0.9986,39.2730,0.1871,0.6125,4.0432
0.0609,0.9970,38.8247,0.1676,0.4587,25.1354
0.0482,0.9996,38.3080,0.1893,0.5053,21.2220
0.0641,0.9977,44.8960,0.1991,0.4273,2.7408
0.0441,0.9995,43.7636,0.2234,0.4715,27.5692
0.0517,0.9964,46.7476,0.1641,0.6070,14.9509
0.0523,0.9970,59.3402,0.1900,0.6110,16.8496
0.0579,0.9993,29.0184,0.1582,0.4307,11.9780
0.0642,0.9974,28.9454,0.1335,0.4612,17.9944
0.0606,0.9984,34.3814,0.1574,0.4417,0.6628
0.0456,1.0000,33.1548,0.1997,0.4167,48.3313
0.0412,0.9999,29.8432,0.2113,0.5037,33.0085
0.0446,0.9986,33.4750,0.1690,0.4989,1.6115
0.0511,0.9981,41.9986,0.1860,0.4905,16.2865
0.0580,0.9971,40.9880,0.1676,0.4286,3.5916
0.0623,0.9999,31.5981,0.1500,0.3261,10.4118
0.0492,1.0000,35.5617,0.1734,0.4577,5.7822
0.0460,0.9994,37.9277,0.2106,0.5586,15.7860
0.0588,0.9988,30.7089,0.1687,0.5257,7.5176
0.0523,0.9975,37.4755,0.1674,0.5427,9.9482
0.0516,0.9993,29.4742,0.2056,0.5384,36.1263
0.0595,0.9982,29.3316,0.1683,0.4405,5.8429
0.0606,0.9971,30.5425,0.1437,0.4550,26.0383
0.0657,0.9973,33.5213,0.1715,0.4957,11.8086
0.0439,0.9976,48.9647,0.1977,0.6184,16.6968
0.0642,0.9984,30.8856,0.1532,0.4952,4.8712
0.0514,0.9976,31.9492,0.1681,0.4697,24.5867
0.0637,0.9999,30.2586,0.1693,0.4050,17.8039
0.0439,0.9980,45.4768,0.1562,0.4477,8.0835
0.0500,0.9999,30.0269,0.1748,0.5458,27.8118
0.0471,0.9999,33.8406,0.1719,0.3092,19.9905
0.0555,0.9984,35.3139,0.1678,0.4727,4.1919
0.0589,0.9987,34.2671,0.1876,0.4402,14.1737
0.0466,0.9993,34.6432,0.1987,0.4045,22.3424
0.0471,0.9999,29.1975,0.1734,0.4515,39.3046
0.0537,0.9980,37.3091,0.2088,0.5393,0.8526
0.0485,0.9984,37.6881,0.1617,0.5493,18.0835
0.0543,0.9987,34.3223,0.1590,0.4827,26.9113
0.0538,0.9985,36.3833,0.2130,0.5443,27.3235
0.0568,0.9995,33.6824,0.1493,0.5212,57.6884
0.0495,0.9990,39.2556,0.1544,0.5451,52.5035
0.0454,0.9985,38.6088,0.1742,0.5899,9.7268
0.0479,0.9986,32.0273,0.1974,0.4332,11.9691
0.0479,0.9999,34.8271,0.1782,0.5057,25.6715
0.0626,0.9983,33.0250,0.1980,0.5004,58.3840
0.0588,0.9986,29.0973,0.1651,0.4607,38.8028
0.0677,0.9950,35.8612,0.1414,0.5454,10.0249
0.0539,0.9987,29.8283,0.1657,0.3707,20.1470
0.0588,0.9971,33.6916,0.1772,0.4407,9.2044
0.0487,0.9999,23.3968,0.1580,0.4732,22.0740
0.0569,0.9978,41.3606,0.1925,0.5996,19.1449
0.0485,0.9997,39.4772,0.2130,0.5255,14.6582
0.0495,0.9983,30.0458,0.1648,0.4149,42.8316
0.0504,0.9984,34.4200,0.1486,0.4744,20.7282
0.0556,1.0000,30.9897,0.1692,0.4309,6.5239
0.0640,0.9998,35.0149,0.1676,0.4484,8.6334
0.0598,0.9973,41.3609,0.1720,0.5704,0.1419
0.0503,0.9998,33.7157,0.1894,0.4585,10.9755
0.0529,1.0000,31.2296,0.1778,0.4381,10.5451
0.0657,0.9988,33.0553,0.1566,0.4054,8.2176
0.0578,0.9987,31.9358,0.1536,0.4890,8.0289
0.0498,0.9987,30.5308,0.1758,0.4497,36.5736
0.0596,0.9992,32.3836,0.1649,0.3421,6.3059
0.0519,0.9961,47.4408,0.1755,0.4737,15.6454
0.0471,0.9984,42.9689,0.1738,0.4787,5.2556
0.0468,0.9973,38.1582,0.1669,0.5401,23.5574
0.0553,0.9979,36.3345,0.1400,0.6472,5.1663
0.0570,0.9987,35.2642,0.1622,0.2979,8.8694
0.0576,0.9980,31.6868,0.1470,0.5419,16.7914
0.0478,0.9993,40.0471,0.1825,0.3828,17.3509
0.0711,0.9974,36.1254,0.1493,0.5065,17.0880
0.0587,0.9975,44.7781,0.1888,0.4959,11.8350
0.0538,0.9997,39.2984,0.1738,0.3513,0.7814
0.0691,0.9990,31.7934,0.1653,0.4659,1.5541
0.0654,0.9984,37.1564,0.1650,0.3559,41.3467
0.0599,0.9971,25.6740,0.1507,0.3302,44.5765
0.0461,0.9992,36.5329,0.1942,0.5147,21.7696
0.0525,0.9993,37.9669,0.1496,0.4902,18.7144
0.0556,0.9990,35.4175,0.1409,0.3125,14.9865
0.0556,0.9995,30.7537,0.1475,0.4703,49.0593
0.0563,0.9994,29.8974,0.1905,0.4498,54.5161
0.0659,0.9961,37.6183,0.1751,0.4981,3.9793
0.0531,0.9986,35.0616,0.1444,0.5782,32.7847
0.0491,0.9999,36.3755,0.1377,0.5926,2.4236
0.0551,0.9991,38.2671,0.1434,0.5426,21.6991
0.0600,0.9979,33.3539,0.1452,0.5804,11.3677
0.0677,0.9970,33.5007,0.1803,0.4948,9.7145
0.0482,0.9996,33.1741,0.1556,0.5912,11.4771
0.0572,0.9985,30.2001,0.1872,0.4955,18.5066
0.0714,0.9977,30.1680,0.1713,0.3623,8.3983
0.0511,0.9981,37.4857,0.1919,0.5480,10.5641
0.0530,0.9997,33.1738,0.1478,0.3246,27.4963
0.0714,0.9958,28.2622,0.1568,0.3771,47.7876
0.0560,0.9983,37.3749,0.1762,0.4643,7.9224
0.0568,0.9993,26.2767,0.1815,0.4174,26.8751
0.0594,0.9988,33.0270,0.1848,0.4697,56.4128
0.0584,0.9980,25.5623,0.1717,0.3845,42.8500
0.0505,0.9983,40.8113,0.1854,0.4001,17.0167
0.0581,0.9971,39.3613,0.1714,0.5862,9.6487
0.0589,0.9995,31.1058,0.1538,0.4279,3.1287
0.0472,0.9989,34.7662,0.1945,0.5541,0.4643
0.0521,1.0000,29.6237,0.1769,0.4053,56.3832
0.0521,0.9994,36.4736,0.1782,0.4922,17.9901
0.0679,0.9979,40.3609,0.1882,0.5278,2.9348
0.0492,0.9997,30.3181,0.1782,0.4950,49.0522
0.0466,0.9998,35.0218,0.2013,0.4142,16.3656
0.0514,0.9992,34.9091,0.1977,0.5082,8.2606
0.0531,0.9998,30.6343,0.1867,0.2909,6.0424
0.0571,1.0000,27.9351,0.1767,0.3480,6.6322
0.0537,0.9999,27.0121,0.1798,0.4626,41.8361
0.0450,1.0000,29.6751,0.2136,0.3674,8.8315
0.0643,0.9981,30.5504,0.1778,0.4424,48.6395
0.0414,0.9990,41.3274,0.1878,0.6147,4.3722
0.0515,0.9979,40.6336,0.1546,0.4495,23.7550
0.0554,0.9979,32.1047,0.1746,0.4062,20.9792
0.0536,0.9987,39.6012,0.1572,0.5201,1.4330
0.0541,0.9999,31.0333,0.2028,0.3705,2.7661
0.0573,0.9983,33.5267,0.1715,0.4856,7.7547
0.0534,0.9998,29.3852,0.1829,0.4099,9.1043
0.0423,0.9996,34.7578,0.1715,0.5336,19.6421
0.0476,0.9996,33.5971,0.2113,0.3983,6.9913
0.0564,0.9987,33.5802,0.1843,0.2966,14.7511
0.0532,0.9997,28.9193,0.1860,0.5026,14.0753
0.0549,0.9989,41.8707,0.1993,0.4419,10.7136
0.0561,0.9975,37.5518,0.2015,0.5589,14.4408
0.0436,0.9998,35.2007,0.2011,0.4120,45.2587
0.0457,0.9998,38.9757,0.1827,0.5803,4.2826
0.0480,0.9982,47.5050,0.1784,0.5006,14.9613
0.0538,0.9985,38.8581,0.1609,0.5010,10.3410
0.0682,0.9983,25.7401,0.1443,0.2874,12.1964
0.0530,0.9989,32.7660,0.1727,0.5097,2.1467
0.0578,0.9983,34.6264,0.1927,0.4990,6.6449
0.0471,0.9996,32.2767,0.2135,0.5221,7.7156
0.0504,0.9996,43.5683,0.1763,0.4873,49.8874
0.0475,0.9994,34.9723,0.1675,0.5410,15.4130
0.0477,0.9995,35.2211,0.1754,0.4327,9.5014
0.0562,0.9989,30.7192,0.1511,0.5817,14.9966
0.0586,0.9982,37.3114,0.1904,0.5541,12.3150
0.0547,0.9959,41.4297,0.1596,0.6073,9.7448
0.0570,0.9999,31.2879,0.1887,0.4247,40.5616
0.0644,0.9973,26.7721,0.1355,0.4265,14.6278
0.0467,0.9981,44.1697,0.1658,0.5503,17.7401
0.0521,0.9979,35.4818,0.1878,0.5351,0.5847
0.0581,0.9987,30.8572,0.1726,0.2777,20.1292
0.0442,0.9999,38.0260,0.1781,0.5996,8.4410
0.0525,0.9953,54.4513,0.1849,0.6349,3.7472
0.0622,0.9983,27.5969,0.1539,0.3996,25.8791
0.0476,0.9992,33.4696,0.1926,0.4131,32.1678
0.0678,0.9948,39.3504,0.1781,0.4928,2.3502
0.0538,0.9995,34.6494,0.2024,0.4913,4.3034
0.0542,0.9998,29.9767,0.1772,0.4497,7.8694
0.0524,0.9995,29.7979,0.1807,0.4665,7.3625
0.0666,0.9972,30.6626,0.1566,0.3368,30.7512
0.0578,0.9977,40.1325,0.1669,0.4967,1.7973
0.0522,0.9980,35.7400,0.1640,0.5125,10.4891
0.0537,0.9980,29.5546,0.1869,0.6065,8.6221
0.0485,0.9994,33.2533,0.1859,0.4408,13.0904
0.0565,0.9981,34.2824,0.1627,0.5211,33.6632
0.0574,0.9988,31.4799,0.1706,0.3092,20.2716
0.0498,0.9974,42.3953,0.1718,0.5299,7.8969
0.0600,0.9979,34.9620,0.1816,0.4290,27.1959
0.0500,0.9975,33.0352,0.1739,0.5405,1.3257
0.0495,0.9995,34.2145,0.1583,0.3408,33.3614
0.0445,0.9994,33.8831,0.1926,0.4373,14.7302
0.0577,0.9970,31.5735,0.1278,0.4662,56.1661
0.0518,0.9987,38.9460,0.1914,0.5387,14.8481
0.0479,0.9994,35.3554,0.1858,0.5483,18.7125
0.0536,0.9992,29.9260,0.1552,0.6220,15.0254
0.0760,0.9972,22.4013,0.1599,0.3839,44.3550
0.0573,0.9980,30.6613,0.1525,0.4053,6.3885
0.0572,0.9998,27.9166,0.2197,0.4694,12.0088
0.0528,0.9988,32.8503,0.1857,0.4207,2.7092
0.0484,0.9989,38.0818,0.1747,0.5533,38.3754
0.0491,0.9997,32.9992,0.1856,0.5560,13.3502
0.0396,0.9986,43.3300,0.1923,0.5454,1.1521
0.0558,0.9995,29.8088,0.1623,0.4078,30.7247
0.0455,0.9992,35.3983,0.1862,0.5526,10.4341
0.0523,0.9988,37.3351,0.1715,0.5523,6.9253
0.0627,0.9977,32.9567,0.1544,0.4643,5.9366
0.0595,0.9999,36.8151,0.1638,0.4862,11.5482
0.0548,0.9997,32.7310,0.1689,0.5123,28.9918
0.0464,0.9987,37.4676,0.1767,0.5180,20.5490
0.0611,0.9972,43.1181,0.1829,0.4912,9.3749
0.0651,0.9987,30.3322,0.1600,0.3921,6.7714
0.0541,0.9977,36.3035,0.1631,0.4879,2.2230
0.0552,0.9988,37.3953,0.1945,0.5484,8.3879
