0.1016,1.0000,53.2985,0.1393,0.2394,6.1073
0.0905,1.0000,39.4736,0.2147,0.5651,31.8572
0.1182,0.9990,58.2098,0.2035,0.1658,1.6819
0.1202,0.9999,56.1121,0.1545,0.0856,10.7573
0.1175,0.9998,42.9930,0.1681,0.1535,50.9927
0.1023,0.9996,58.1384,0.1637,0.1450,42.2215
0.1169,1.0000,46.8713,0.1492,0.2871,34.1365
0.1116,1.0000,41.3709,0.2601,0.0457,25.3691
0.1033,0.9999,54.8777,0.1437,0.1275,10.0749
0.1286,0.9999,59.0266,0.1567,0.1166,8.6516
0.1009,1.0000,55.9978,0.1911,0.1305,16.1602
0.0976,1.0000,56.4183,0.1489,0.1296,7.3456
0.0990,1.0000,47.8377,0.1828,0.3276,1.3786
0.1082,0.9998,52.9301,0.2203,0.0776,2.8740
0.1124,0.9999,46.9543,0.1607,0.0123,14.3176
0.1176,0.9997,52.9329,0.1971,0.0533,15.1478
0.1177,0.9996,50.6559,0.1308,0.0420,25.0745
0.0938,1.0000,44.0153,0.1975,0.0862,32.2494
0.1085,0.9999,41.4311,0.2031,0.0935,53.3609
0.1159,0.9996,59.9681,0.1484,0.0821,9.0878
0.1191,1.0000,50.6978,0.2006,0.2570,0.7443
0.1180,0.9999,51.3139,0.1695,0.0769,9.5256
0.1133,1.0000,53.8554,0.1409,0.3325,20.0846
0.0977,0.9991,57.3170,0.1985,0.2424,33.3385
0.1079,0.9995,51.0814,0.1606,0.1609,2.3819
0.1242,0.9991,59.3312,0.2216,0.2010,6.3677
0.1176,0.9998,48.5765,0.1693,0.0497,4.9974
0.1209,0.9998,38.9691,0.1612,0.4310,57.6371
0.1356,0.9990,50.0284,0.1616,0.0293,51.2089
0.1246,0.9987,59.6088,0.1729,0.1542,3.8500
0.1069,0.9997,58.7000,0.1931,0.0340,35.2951
0.1236,1.0000,49.0637,0.1756,0.2969,18.9311
0.1150,0.9991,53.6242,0.1389,0.2696,13.3571
0.1117,1.0000,53.1963,0.1813,0.1231,55.0819
0.1138,0.9997,49.1936,0.1303,0.0363,29.8960
0.1187,0.9991,57.5434,0.1431,0.0233,20.9135
0.1227,0.9999,49.0185,0.1655,0.1397,9.8996
0.1121,0.9998,53.2725,0.1665,0.1249,13.4880
0.1366,0.9983,57.6489,0.1846,0.1813,10.3304
0.1262,0.9996,58.3169,0.1524,0.1525,0.2397
0.1073,0.9999,52.5226,0.1174,0.1006,36.2237
0.1078,0.9999,44.1462,0.2334,0.1521,0.7277
0.1166,0.9999,57.4701,0.1904,0.1160,22.3181
0.1056,0.9999,39.1469,0.1714,0.2547,58.1901
0.1201,1.0000,38.2188,0.2332,0.3125,58.2639
0.1204,0.9995,56.0310,0.2020,0.1247,15.0373
0.1035,1.0000,56.6932,0.1321,0.4996,14.3979
0.0988,1.0000,51.4983,0.1697,0.2096,18.5074
0.1164,0.9999,49.6616,0.2020,0.1645,8.8851
0.0917,1.0000,52.5928,0.1347,0.1012,38.8568
0.0986,0.9990,59.5293,0.2027,0.1221,7.2022
0.1204,1.0000,37.0393,0.2240,0.3774,7.7983
0.1068,0.9999,50.5242,0.1936,0.1712,11.8374
0.1143,0.9999,45.0758,0.1967,0.1162,13.5173
0.1067,1.0000,50.6110,0.1648,0.3500,5.9460
0.0996,1.0000,40.2521,0.1684,0.1003,56.3851
0.1057,1.0000,46.7341,0.1721,0.0245,35.9270
0.1144,0.9998,51.2444,0.2357,0.4102,6.2583
0.1174,1.0000,49.5302,0.1492,0.2025,18.1454
0.1177,1.0000,50.7777,0.1546,0.1360,57.8910
0.1238,0.9997,53.4255,0.1661,0.1311,12.4553
0.1121,0.9997,52.0385,0.1756,0.0072,7.7128
0.1497,0.9993,58.9259,0.1781,0.0786,5.3824
0.1369,1.0000,54.5956,0.1820,0.2851,6.2261
0.1079,1.0000,54.3071,0.1803,0.1805,5.6099
0.1089,1.0000,49.2811,0.1382,0.0128,54.2892
0.1275,1.0000,59.9466,0.1980,0.4337,5.8311
0.1229,0.9999,58.0006,0.1555,0.0909,52.3728
0.1227,0.9985,56.7202,0.1277,0.1554,1.0551
0.1173,0.9998,55.4702,0.1284,0.0705,46.6841
0.1000,0.9999,41.6281,0.1966,0.3713,43.4432
0.1051,0.9999,43.0438,0.1464,0.3593,31.0443
0.1385,0.9993,50.9543,0.2048,0.1583,0.8897
0.1154,1.0000,44.7124,0.1941,0.3619,19.9771
0.1285,0.9998,54.7461,0.1917,0.1390,14.3636
0.1086,0.9999,47.8689,0.1904,0.1874,11.1681
0.1135,1.0000,45.8714,0.1676,0.1356,23.3043
0.1166,0.9999,56.1434,0.1763,0.1114,14.2714
0.1058,0.9999,59.7747,0.1590,0.2202,10.4287
0.1144,0.9998,59.9565,0.1590,0.0299,17.3835
0.1078,0.9999,41.5833,0.2044,0.0756,50.3831
0.1064,1.0000,55.7083,0.1966,0.3649,5.6165
0.0999,0.9998,49.0864,0.1308,0.1834,54.3396
0.0980,1.0000,38.9757,0.2261,0.1463,40.8220
0.1385,0.9995,51.1404,0.2069,0.0339,11.5584
0.1046,1.0000,45.2737,0.1742,0.0302,2.8297
0.1097,0.9989,59.8915,0.2296,0.0967,11.4191
0.1006,1.0000,36.8972,0.1471,0.2656,44.7846
0.1240,0.9998,52.7995,0.1522,0.0364,12.4751
0.1186,0.9998,58.6037,0.1405,0.2229,24.1802
0.1105,1.0000,46.6035,0.2404,0.3619,8.6534
0.1001,0.9991,59.8122,0.1993,0.3139,5.5655
0.1196,0.9998,59.5598,0.1808,0.1765,48.4573
0.1299,0.9998,59.6718,0.1306,0.0911,18.7935
0.1017,1.0000,46.0972,0.1798,0.1908,9.6719
0.0953,0.9999,45.2371,0.2018,0.1037,32.0418
0.1164,0.9992,56.1819,0.1658,0.2408,18.4667
0.1011,0.9998,46.6014,0.1053,0.3210,31.6630
0.1028,0.9999,59.2530,0.1398,0.1643,19.4441
0.1051,1.0000,45.3210,0.1948,0.1462,43.1931
0.1221,1.0000,48.1106,0.1447,0.0159,57.5701
0.1036,0.9999,33.1259,0.2144,0.0359,44.4682
0.1152,1.0000,59.1938,0.1902,0.3164,5.7387
0.1195,1.0000,49.4925,0.1723,0.1412,48.4500
0.1148,0.9998,44.8216,0.2310,0.2362,58.3352
0.1143,0.9995,59.1474,0.1916,0.3742,26.1279
0.1136,0.9999,44.9979,0.1900,0.0325,29.3563
0.1421,0.9985,58.8015,0.2111,0.2613,3.7318
0.0923,1.0000,44.1835,0.1638,0.1929,57.6497
0.1066,0.9999,42.4336,0.2152,0.2113,54.2606
0.1207,1.0000,59.7843,0.1670,0.3580,12.9477
0.0980,0.9998,41.5122,0.1807,0.0175,43.1212
0.1045,0.9999,56.9840,0.1830,0.0135,12.6901
0.1177,0.9999,59.5950,0.1177,0.2930,7.5850
0.1197,0.9992,57.0549,0.1530,0.0519,20.9225
0.1041,0.9999,57.1035,0.1844,0.1481,4.9693
0.1077,1.0000,43.5667,0.1815,0.2673,34.8708
0.1360,1.0000,44.9861,0.1673,0.1231,1.6605
0.1128,1.0000,41.5964,0.2257,0.3641,27.6280
0.0986,0.9998,46.6320,0.1744,0.5098,17.1405
0.0983,1.0000,45.1733,0.1469,0.0165,53.3411
0.1071,1.0000,42.4904,0.2309,0.1862,56.3009
0.1222,0.9988,59.2242,0.1511,0.1101,41.5638
0.1122,1.0000,48.8691,0.1191,0.4097,12.1501
0.1159,0.9989,58.2668,0.1911,0.0443,16.3497
0.1122,0.9989,59.4779,0.1873,0.0593,43.7315
0.1102,0.9999,43.4018,0.2033,0.1382,16.7836
0.1263,0.9999,40.9802,0.1823,0.0278,59.0787
0.1266,0.9999,56.3475,0.1680,0.2830,13.5795
0.1003,1.0000,51.8244,0.1601,0.2313,12.2216
0.1087,1.0000,44.3313,0.1603,0.0299,16.7345
0.1143,1.0000,49.3240,0.2132,0.3671,2.9715
0.1181,1.0000,49.8186,0.1861,0.0652,53.8027
0.1101,1.0000,50.1497,0.1480,0.0540,52.5044
0.1219,1.0000,49.6177,0.1850,0.2596,8.6988
0.1112,0.9998,45.2721,0.1978,0.2839,57.6674
0.1184,1.0000,56.8603,0.1404,0.0595,52.1745
0.1027,1.0000,41.6267,0.2034,0.3165,35.0756
0.1025,1.0000,44.4939,0.2073,0.2345,18.4912
0.1037,1.0000,42.3494,0.2099,0.0792,56.0148
0.1059,0.9999,58.1901,0.1513,0.2820,1.0291
0.1163,1.0000,46.9986,0.2156,0.0815,13.3341
0.1086,0.9999,54.2063,0.1762,0.4022,27.8058
0.1170,1.0000,46.7974,0.2535,0.2218,6.7877
0.1074,0.9999,56.8341,0.1429,0.1209,16.7467
0.1356,1.0000,47.6501,0.1386,0.0214,31.8146
0.1222,0.9998,50.4254,0.1670,0.1230,1.8344
0.1214,1.0000,46.4832,0.1611,0.0348,42.0017
0.1126,0.9999,36.3646,0.1714,0.0848,43.1560
0.1075,0.9999,43.1143,0.1473,0.3226,46.5290
0.1303,0.9996,59.7367,0.2123,0.2150,9.2905
0.1256,0.9999,45.5253,0.2023,0.0422,15.1223
0.1012,0.9999,42.5690,0.2651,0.1955,4.7283
0.1345,0.9999,57.3795,0.1873,0.1852,7.9722
0.1074,1.0000,37.2995,0.2065,0.3384,52.3705
0.1076,1.0000,44.2877,0.2194,0.3669,7.6190
0.1052,1.0000,43.0031,0.1759,0.3407,16.8714
0.1104,0.9998,50.6963,0.1897,0.1887,1.5389
0.1080,1.0000,41.5099,0.1657,0.2229,47.5552
0.0928,1.0000,41.2856,0.1644,0.2139,49.1444
0.1167,0.9994,54.5745,0.2176,0.3956,7.0920
0.1056,1.0000,39.2286,0.2557,0.2784,56.0042
0.1295,0.9996,48.3944,0.1549,0.2519,24.5819
0.1094,1.0000,37.0572,0.2399,0.3402,45.5577
0.1027,1.0000,45.0545,0.1672,0.3303,47.3994
0.1062,1.0000,40.4303,0.2220,0.3972,17.5200
0.1129,1.0000,46.2149,0.1929,0.2648,0.8727
0.1126,0.9999,59.2303,0.1726,0.0131,28.8011
0.1060,1.0000,49.0442,0.2032,0.4109,2.3562
0.1171,0.9999,46.6164,0.1644,0.0107,49.9790
0.1223,0.9999,44.1512,0.1253,0.3322,39.4950
0.1135,0.9999,36.7043,0.1964,0.2345,55.9770
0.1042,0.9999,43.5907,0.1966,0.4949,15.6827
0.1031,0.9999,46.9842,0.1314,0.2439,15.2300
0.1024,1.0000,40.8696,0.1911,0.1049,58.5213
0.1133,1.0000,45.9184,0.2434,0.1514,21.4060
0.1207,0.9997,58.0949,0.1391,0.0754,12.1510
0.1484,0.9981,59.8203,0.1789,0.2073,22.9153
0.0974,1.0000,39.9470,0.1826,0.1989,45.3758
0.1065,1.0000,49.8910,0.1356,0.0886,30.0542
0.1063,1.0000,44.6544,0.1697,0.1091,13.9588
0.1137,1.0000,49.1695,0.1848,0.0345,17.7093
0.0980,1.0000,48.6002,0.1746,0.0809,13.1418
0.1367,0.9997,55.3758,0.2128,0.3989,2.9619
0.1214,0.9988,58.6306,0.1619,0.1910,10.7251
0.0981,1.0000,41.7519,0.1952,0.1523,25.0074
0.1158,1.0000,41.2079,0.1875,0.0521,46.6436
0.1217,1.0000,39.9465,0.1936,0.0813,57.2431
0.0973,1.0000,39.9220,0.1765,0.1284,51.3905
0.1062,0.9985,57.8837,0.2312,0.0472,10.6019
0.0935,1.0000,45.1392,0.1307,0.1969,4.4995
0.0965,1.0000,45.3031,0.1500,0.2489,36.7924
0.1242,0.9995,50.3500,0.1671,0.1195,1.2942
0.1180,0.9996,59.2146,0.1389,0.0740,23.3429
0.1303,0.9999,50.7738,0.1632,0.0527,13.1265
0.1088,1.0000,42.1286,0.1938,0.0855,0.4525
0.1197,1.0000,48.2847,0.1559,0.0758,17.8041
0.1236,0.9999,51.1932,0.1546,0.1420,9.0105
0.1215,0.9997,43.3103,0.1788,0.0172,47.0200
0.1068,1.0000,42.9032,0.2124,0.3218,45.3292
0.1050,0.9999,46.9567,0.1898,0.2058,8.3385
0.0985,0.9999,54.0504,0.1640,0.0862,43.3294
0.0995,1.0000,43.3701,0.1455,0.2357,51.6712
0.1159,1.0000,59.4262,0.1559,0.1963,2.3592
0.1113,1.0000,44.4134,0.1916,0.1953,5.6671
0.1233,1.0000,57.3318,0.1507,0.5523,9.5921
0.1059,1.0000,46.7830,0.1911,0.2883,6.2713
0.0907,0.9999,35.4583,0.2233,0.4376,25.5063
0.1170,0.9995,59.7609,0.1229,0.2483,21.4661
0.0926,1.0000,39.1923,0.2130,0.0117,52.5863
0.1233,1.0000,41.5964,0.2016,0.1306,17.6942
0.1128,1.0000,49.9257,0.1762,0.0929,4.1221
0.1060,1.0000,53.5169,0.1860,0.0528,15.1646
0.0943,1.0000,40.3237,0.1956,0.2083,57.7982
0.1018,0.9999,38.5912,0.1582,0.1670,46.3727
0.1153,0.9998,49.8194,0.1458,0.1049,29.6961
0.1199,1.0000,40.0342,0.1786,0.1738,57.1206
0.0972,1.0000,48.7239,0.2147,0.5668,33.3421
0.1128,1.0000,50.8852,0.1421,0.2418,5.7238
0.1120,0.9999,44.7659,0.1890,0.1476,32.9323
0.1245,0.9997,59.9323,0.1469,0.0075,8.3991
0.1107,1.0000,51.6749,0.1805,0.0689,34.7693
0.1285,0.9992,53.1220,0.1893,0.0572,52.8956
0.1111,1.0000,43.5584,0.1855,0.1544,27.9062
0.1058,0.9999,40.3406,0.1989,0.5183,27.3871
0.1125,0.9999,52.1794,0.1944,0.1681,5.6518
0.1226,0.9996,51.8689,0.2349,0.2459,11.9005
0.1217,0.9999,44.6997,0.1661,0.3404,50.3959
0.1137,0.9999,56.3170,0.1467,0.1282,6.6203
0.1368,0.9999,44.1038,0.1659,0.0260,57.3766
0.0849,1.0000,49.8509,0.1655,0.4453,56.3072
0.1212,0.9984,59.4170,0.2196,0.3508,1.6996
0.1181,1.0000,56.5010,0.1473,0.2841,20.6448
0.1026,0.9999,55.6942,0.1952,0.1624,12.7329
0.1233,1.0000,57.7339,0.1580,0.1790,13.4385
0.1152,0.9998,52.6692,0.1213,0.2240,33.1242
0.1090,0.9998,47.9475,0.1639,0.1392,9.8218
0.1055,1.0000,41.7105,0.1432,0.0545,37.0949
0.1107,1.0000,41.5160,0.2225,0.1853,13.1981
0.1150,1.0000,58.4511,0.1493,0.2414,7.5766
0.1193,1.0000,43.2795,0.2100,0.0654,37.4208
0.1289,0.9999,59.5101,0.1714,0.1067,3.5922
0.1102,0.9994,56.3987,0.2108,0.1601,19.7134
0.1018,0.9998,55.8807,0.1848,0.0664,52.6771
0.0952,1.0000,51.0906,0.1715,0.0045,44.4430
0.1132,1.0000,38.8747,0.2302,0.2190,49.8497
0.1078,1.0000,44.4120,0.1864,0.1783,15.4929
0.1130,0.9999,46.8306,0.1899,0.1473,19.2021
0.0896,1.0000,42.1098,0.2042,0.4190,59.5309
0.1066,0.9999,39.9615,0.1619,0.0418,53.1761
0.1123,1.0000,45.3902,0.1921,0.2859,4.2833
0.0871,1.0000,36.2410,0.1971,0.3940,56.9584
0.1154,0.9999,52.7190,0.1854,0.2871,6.7742
0.1123,1.0000,41.0495,0.1827,0.3253,4.3278
0.1230,0.9997,45.2927,0.1940,0.1945,49.5512
0.1167,0.9996,59.6007,0.1255,0.0926,13.6770
0.1340,0.9995,50.2209,0.1959,0.0336,11.9477
0.1160,1.0000,44.9622,0.1568,0.0902,24.7278
0.1075,0.9996,55.4936,0.1439,0.2411,14.8152
0.1051,1.0000,53.1820,0.1932,0.2015,30.6268
0.0966,1.0000,38.9641,0.2157,0.3371,53.5995
0.1017,0.9997,51.8732,0.2078,0.1704,2.8247
0.1007,1.0000,40.2103,0.1912,0.1074,43.7995
0.1104,0.9998,53.7419,0.1805,0.1057,9.0130
0.1041,1.0000,54.7233,0.1420,0.3079,19.9248
0.1238,0.9998,54.4216,0.1275,0.4342,4.4313
0.1175,0.9999,40.6161,0.2002,0.3941,13.7476
0.1035,0.9999,49.7374,0.1555,0.0408,24.1835
0.1119,0.9999,58.6058,0.1375,0.2535,0.9481
0.1069,1.0000,44.5257,0.2248,0.1786,57.2752
0.1011,0.9994,57.0793,0.1632,0.1346,8.5888
0.1069,0.9997,53.9464,0.1871,0.0159,34.9641
0.1174,1.0000,45.7477,0.1872,0.0834,3.3694
0.0983,0.9999,41.9216,0.2121,0.0817,12.6690
0.1005,0.9999,35.7396,0.2024,0.2008,56.8087
0.1109,0.9991,58.8086,0.2079,0.2505,15.9401
0.1089,1.0000,54.4021,0.1413,0.1830,4.4489
0.1207,0.9997,46.3945,0.1875,0.1493,18.8186
0.1154,0.9997,59.5865,0.1223,0.0656,16.6951
0.1067,1.0000,55.6718,0.2031,0.1026,15.0558
0.1126,0.9983,59.7992,0.2034,0.2428,5.1550
0.1174,0.9995,59.2077,0.1367,0.0416,0.8951
0.0970,1.0000,53.9299,0.2019,0.1918,13.6169
0.1146,0.9999,57.2844,0.1523,0.0797,8.1962
0.1425,0.9992,59.5493,0.1863,0.1598,0.7158
0.1109,1.0000,42.0513,0.2177,0.0939,52.6201
0.1221,0.9996,51.0720,0.1614,0.1347,2.6345
0.0940,1.0000,49.3637,0.1449,0.0426,40.0790
0.1068,1.0000,50.4646,0.1813,0.2242,2.1768
0.1030,0.9999,47.8320,0.1960,0.1844,18.3792
0.1130,0.9999,51.7269,0.1769,0.2164,12.0009
0.1032,1.0000,42.0171,0.1729,0.0343,17.8381
0.1225,0.9999,40.6857,0.2177,0.0273,57.3417
0.0984,1.0000,34.4642,0.2306,0.1921,45.8345
0.1016,0.9999,40.6896,0.1482,0.0089,49.1258
0.1174,1.0000,59.2029,0.1774,0.1017,5.0177
0.0975,1.0000,42.3075,0.1957,0.2370,18.6067
0.1154,0.9999,51.6584,0.1906,0.2682,3.0662
0.1196,0.9999,37.9964,0.2328,0.1325,57.9731
0.1324,0.9999,58.1779,0.1330,0.0330,1.8336
0.1009,0.9998,39.9879,0.1761,0.0879,41.4450
0.1012,1.0000,42.3583,0.1944,0.0346,32.1420
0.1279,0.9988,57.8800,0.1890,0.1319,16.6030
0.1073,1.0000,49.9404,0.1511,0.2101,26.7039
0.1195,0.9998,57.8571,0.1726,0.2909,9.3987
0.1207,0.9998,43.1396,0.1927,0.1176,58.6889
0.1167,0.9999,40.2246,0.1547,0.1574,59.7154
0.1064,0.9999,47.4277,0.1531,0.0588,15.4724
0.1049,0.9998,49.0610,0.1817,0.1730,1.4903
0.1255,0.9999,47.5194,0.2307,0.1973,4.3059
0.1198,0.9999,49.7055,0.2173,0.0728,5.5359
0.1261,0.9999,43.5835,0.1873,0.0202,7.6802
0.1115,1.0000,40.0856,0.1957,0.0681,59.3111
0.1111,0.9993,57.0475,0.1673,0.0552,3.9751
0.1123,1.0000,42.5457,0.1291,0.1686,42.6182
0.0956,0.9999,46.6129,0.2260,0.5032,11.4571
0.1539,0.9981,57.2191,0.2163,0.2717,6.7395
0.1100,0.9999,48.2993,0.1625,0.0001,17.7282
0.1198,0.9994,56.3617,0.1864,0.2667,7.4960
0.1070,0.9996,58.5120,0.1256,0.3869,4.2048
0.1122,0.9999,55.7421,0.1594,0.0035,3.7032
0.1243,0.9999,59.6711,0.1422,0.0538,3.9743
0.1208,0.9996,43.6060,0.2008,0.0755,49.0118
0.1319,0.9993,58.5369,0.2252,0.1909,4.5163
0.1166,1.0000,43.8380,0.1983,0.2495,13.6652
0.1177,1.0000,42.7534,0.1881,0.3416,38.2436
0.0995,1.0000,49.1447,0.1493,0.3229,11.3734
0.1211,0.9989,59.6071,0.1754,0.0508,20.2324
0.0935,1.0000,40.2820,0.1903,0.1586,42.7289
0.1127,0.9988,57.0987,0.2122,0.2704,7.7196
0.0995,1.0000,43.6622,0.1733,0.2798,50.1325
0.1184,0.9998,48.3071,0.1867,0.1175,58.6885
0.1125,0.9999,49.6709,0.1934,0.1552,17.0693
0.1000,0.9999,55.9507,0.1679,0.1143,4.2899
0.1285,0.9989,58.9542,0.1694,0.1065,5.7352
0.1133,0.9999,37.0838,0.1907,0.0476,12.4945
0.1098,1.0000,46.3366,0.1348,0.2990,9.4449
0.1115,1.0000,51.0612,0.1862,0.3302,14.8673
0.1187,0.9999,57.6586,0.1612,0.0275,1.4665
0.1184,0.9998,56.0642,0.1706,0.3891,4.8448
0.1112,0.9999,41.2323,0.1707,0.0139,43.2534
0.1081,1.0000,49.9111,0.1913,0.2138,3.7253
0.1063,0.9986,58.8375,0.2026,0.3203,13.9654
0.1211,0.9999,47.6788,0.2110,0.2114,2.2076
0.1227,0.9999,48.5547,0.1907,0.1583,15.3021
0.1207,0.9997,58.6010,0.1536,0.4231,21.5958
0.1157,0.9999,40.9496,0.2036,0.0082,56.6611
0.1450,0.9998,43.9995,0.1940,0.0653,54.8051
0.1117,0.9998,51.0430,0.1625,0.2021,4.3606
0.1135,0.9999,47.5226,0.1978,0.0809,6.1924
0.1071,1.0000,44.5285,0.1995,0.1925,15.3453
0.1189,0.9999,59.1660,0.1205,0.1023,6.6990
0.1251,1.0000,41.8197,0.2065,0.2519,9.5097
0.1104,1.0000,52.4529,0.1206,0.1787,25.2923
0.1268,0.9994,58.3773,0.1641,0.0927,1.0334
0.1149,0.9999,49.0347,0.1933,0.1614,7.8973
0.0992,1.0000,46.7815,0.1585,0.2963,34.8868
0.1050,1.0000,51.5564,0.1522,0.1227,52.2178
0.1172,1.0000,49.4253,0.1526,0.0110,8.9451
0.1090,1.0000,45.1026,0.1429,0.1783,19.7585
0.1056,0.9999,41.6698,0.1980,0.3743,5.1842
0.0966,0.9998,39.8882,0.2425,0.3197,19.4867
0.1091,0.9999,51.0325,0.1485,0.0126,27.5804
0.1074,1.0000,57.9211,0.2003,0.1578,7.6802
0.1003,1.0000,50.4221,0.1375,0.2517,44.3307
0.1033,0.9999,43.5664,0.1916,0.3197,2.4663
0.1020,0.9999,40.0673,0.1848,0.1626,54.3066
0.1015,1.0000,39.5631,0.2219,0.2972,49.0362
0.1116,0.9996,58.3586,0.2451,0.1583,16.6560
0.1026,1.0000,42.1522,0.1321,0.3743,25.3462
0.1209,0.9998,56.6539,0.1677,0.4029,14.0830
0.0966,1.0000,43.0656,0.2036,0.3086,26.7729
0.1096,1.0000,59.8614,0.1786,0.0896,14.0643
0.0979,1.0000,38.8209,0.2273,0.0703,22.5479
0.1006,1.0000,43.2612,0.2061,0.0600,59.6179
0.1222,0.9999,47.0672,0.2198,0.1406,53.1410
0.0990,1.0000,51.0162,0.1241,0.0397,33.7342
0.1199,1.0000,48.7618,0.1816,0.0009,44.1875
0.0998,1.0000,53.6112,0.1862,0.3249,9.1961
0.0931,1.0000,41.8333,0.1939,0.1379,36.2593
0.1028,1.0000,45.3065,0.1847,0.2721,8.7804
0.0980,1.0000,46.7864,0.1648,0.2057,48.0726
0.1265,0.9993,46.2564,0.1830,0.1089,51.4693
0.1086,1.0000,41.9723,0.1383,0.1741,56.8901
0.1121,0.9999,43.0256,0.1898,0.3386,15.0277
0.1193,0.9998,54.1743,0.1738,0.2508,5.0865
0.1069,0.9998,40.4063,0.1351,0.2891,39.2976
0.1111,1.0000,41.4851,0.1793,0.4513,11.9717
0.1117,0.9999,44.2483,0.2539,0.2782,6.4234
0.0985,1.0000,53.8662,0.1681,0.2791,5.2812
0.0974,1.0000,47.4087,0.1598,0.0476,43.2444
0.1123,0.9990,59.5832,0.1254,0.1134,19.9458
0.1227,0.9999,57.2034,0.1596,0.0253,5.7033
0.1098,1.0000,38.6374,0.2341,0.3599,41.4307
0.0997,1.0000,48.2445,0.1740,0.0429,13.1960
0.1228,0.9999,56.2339,0.1615,0.2169,0.2561
0.1049,1.0000,51.1931,0.1676,0.2367,13.4598
0.1066,1.0000,51.3164,0.1423,0.1696,42.6278
0.1236,0.9991,58.8183,0.2272,0.2936,12.8205
0.1048,1.0000,39.1886,0.1830,0.3135,27.5307
0.1090,1.0000,40.4061,0.1826,0.3620,58.2870
0.1305,0.9993,59.3671,0.2135,0.0438,4.2620
0.1069,1.0000,38.0200,0.2079,0.2435,40.3143
0.0898,1.0000,42.5134,0.2173,0.4144,59.9630
0.0980,0.9998,50.2550,0.1553,0.1911,20.7294
0.1111,1.0000,55.6122,0.1557,0.2659,0.6989
0.1116,1.0000,41.9078,0.1557,0.0338,23.2834
0.1039,0.9998,59.9570,0.1519,0.1302,25.0368
0.1210,0.9999,38.1391,0.2226,0.1520,57.1955
0.0997,1.0000,45.8079,0.1604,0.0253,17.1529
0.1116,1.0000,58.0378,0.1429,0.1391,13.2446
0.1093,0.9999,39.8152,0.1991,0.0092,45.6829
0.1118,1.0000,37.2997,0.2151,0.0816,40.3043
0.0992,0.9999,43.7817,0.1691,0.1088,19.9988
0.1287,1.0000,51.1066,0.2292,0.3867,4.6930
0.1245,1.0000,56.2424,0.1583,0.2646,6.7462
0.1226,0.9999,57.4788,0.1757,0.3130,11.6711
0.1065,0.9999,45.8653,0.1596,0.0469,48.2193
0.1198,0.9995,46.7827,0.1825,0.0082,45.1444
0.1058,0.9999,58.7393,0.1634,0.2855,26.7697
0.1178,0.9996,54.6611,0.2048,0.1715,8.0603
0.1022,1.0000,39.2691,0.2064,0.3165,16.2344
0.1249,0.9994,52.8479,0.1796,0.2766,3.9525
0.1081,0.9999,43.1146,0.2352,0.2378,48.6658
0.1320,0.9999,43.1447,0.1874,0.2107,22.2007
0.0946,0.9999,39.9179,0.1901,0.3584,31.2942
0.1265,0.9989,59.8860,0.1888,0.3811,1.0195
0.1276,0.9999,47.0727,0.2135,0.5293,11.3657
0.1021,1.0000,46.3832,0.2001,0.0556,10.8980
0.0968,0.9999,52.1763,0.1522,0.1388,52.3749
0.1127,1.0000,44.6030,0.1927,0.1252,46.2614
0.1158,0.9998,59.9474,0.1244,0.0269,0.0277
0.1209,0.9996,54.8829,0.1942,0.1982,0.6123
0.1082,1.0000,47.0717,0.1702,0.0708,34.5193
0.0895,1.0000,37.7965,0.2074,0.3988,55.3166
0.1288,0.9994,43.0383,0.1962,0.0607,57.0323
0.1138,0.9999,37.4773,0.1833,0.1930,12.3847
0.1061,1.0000,59.1181,0.1624,0.0796,8.5986
0.1012,1.0000,37.6528,0.1870,0.2571,58.2838
0.1174,1.0000,45.5474,0.1972,0.1633,14.4851
0.1178,0.9999,39.5747,0.1989,0.1104,50.8355
0.1132,0.9999,38.5442,0.2175,0.4878,13.7611
0.1395,0.9998,45.5007,0.1677,0.1066,13.9473
0.1284,0.9999,45.9634,0.1822,0.1812,53.5203
0.1184,0.9999,48.0583,0.1744,0.3926,40.8890
0.1032,1.0000,46.3356,0.2120,0.6165,38.5735
0.0947,1.0000,39.5843,0.2128,0.2325,39.5662
0.1111,1.0000,53.8979,0.1648,0.1287,6.1424
0.1314,1.0000,58.4706,0.1688,0.2684,15.1882
0.1031,1.0000,46.1495,0.1300,0.0477,48.9402
0.1152,1.0000,43.9567,0.3064,0.4140,14.5836
0.1129,1.0000,49.6568,0.1982,0.3451,11.5942
0.1034,0.9999,58.6684,0.1424,0.6576,3.3503
0.1416,0.9999,47.9366,0.1907,0.2356,0.9684
0.1346,0.9999,43.6663,0.1760,0.0399,2.0574
0.1085,0.9998,56.1212,0.2024,0.2852,14.1561
0.1209,0.9999,46.8661,0.1660,0.0493,4.5593
0.0974,0.9999,43.6864,0.1909,0.0002,40.1318
0.1132,1.0000,45.8205,0.2062,0.1731,2.4501
0.1052,0.9999,58.3418,0.1655,0.2709,6.6983
0.1166,0.9994,56.4361,0.2026,0.0889,14.8072
0.1175,1.0000,56.3240,0.1913,0.3460,4.2106
0.0990,1.0000,47.8087,0.1265,0.5365,10.6917
0.1136,0.9999,40.4148,0.1568,0.2755,42.5682
0.1102,0.9997,51.5550,0.2010,0.1450,11.2472
0.1281,1.0000,41.6679,0.2095,0.0962,41.8850
0.1116,1.0000,40.3727,0.1609,0.2403,14.7932
0.1239,1.0000,50.7869,0.1668,0.1525,7.6682
0.1016,1.0000,46.1487,0.1720,0.2443,11.5273
0.1108,1.0000,50.2907,0.1467,0.0555,9.0942
0.1116,0.9999,53.2945,0.1473,0.0582,13.0065
0.1004,0.9999,48.4312,0.1546,0.1079,19.4372
0.1164,0.9999,43.7430,0.1744,0.2132,57.5462
0.1065,0.9998,47.0695,0.1507,0.0752,9.7518
0.1010,1.0000,55.1545,0.1635,0.1084,14.2535
0.1158,0.9998,46.4921,0.2263,0.2973,2.1679
0.1268,0.9990,59.8100,0.2155,0.2481,11.8510
0.1110,1.0000,45.5116,0.1863,0.3210,4.7619
0.1075,0.9999,51.2089,0.1603,0.1279,39.7834
0.1101,1.0000,58.8930,0.1895,0.3996,11.5555
0.1115,1.0000,43.9560,0.1756,0.2000,39.7533
0.1124,0.9998,46.2430,0.1395,0.0118,53.0890
0.1089,1.0000,57.8257,0.1214,0.6459,28.5864
0.0998,1.0000,59.9922,0.1300,0.1430,20.5184
0.1078,1.0000,45.5563,0.1947,0.2646,47.0034
0.1139,1.0000,43.6832,0.1784,0.1489,42.1986
0.1032,0.9999,45.8570,0.1755,0.4352,24.8211
0.1232,1.0000,46.1663,0.1448,0.0463,9.4129
0.1261,0.9999,52.3549,0.1480,0.3264,3.7980
0.1054,1.0000,48.1769,0.1377,0.1239,12.3900
0.1055,1.0000,46.7307,0.2102,0.2950,7.4417
0.1044,1.0000,41.0711,0.2357,0.0829,56.3479
0.1206,0.9999,41.8992,0.2232,0.2464,31.7541
0.1151,1.0000,44.6994,0.2119,0.0429,16.7180
0.1198,0.9998,46.6292,0.1936,0.0071,8.7264
0.0970,1.0000,43.1256,0.2178,0.2219,23.8698
0.0987,1.0000,38.3260,0.1436,0.1455,56.0662
0.1027,1.0000,52.9014,0.1571,0.5037,1.6329
0.1167,0.9999,38.5450,0.2089,0.0947,52.3923
0.1128,0.9999,49.4738,0.1773,0.1131,9.7468
0.1173,0.9999,47.1048,0.1220,0.3241,14.0828
0.1185,1.0000,48.9831,0.1916,0.0980,5.6673
0.1195,0.9999,40.9448,0.2066,0.0877,14.5888
0.1097,0.9999,45.2491,0.1556,0.1823,30.8428
0.1058,0.9999,45.0678,0.2113,0.0535,2.2983
0.1152,1.0000,50.6620,0.1897,0.3899,5.5184
0.1004,0.9999,47.7593,0.1808,0.1712,54.4558
0.1091,0.9999,50.3540,0.1585,0.0186,1.5151
0.1242,0.9999,44.3261,0.1671,0.1355,50.4865
0.1221,0.9999,41.5782,0.1809,0.2028,8.5499
0.1136,0.9990,59.9031,0.1910,0.1312,15.0616
0.1048,0.9999,49.1362,0.1950,0.2227,8.5102
0.1121,1.0000,50.4742,0.1574,0.0344,36.5740
0.1194,1.0000,47.1970,0.1482,0.1605,29.7995
0.0887,1.0000,51.1944,0.1995,0.1835,44.9287
0.0992,1.0000,44.3743,0.1785,0.1509,55.4978
0.1208,1.0000,49.6807,0.1436,0.0317,46.9697
0.1154,0.9999,47.0710,0.1425,0.0027,45.8761
0.1135,0.9994,59.9378,0.1498,0.0015,27.8202
0.1087,0.9999,43.1937,0.1766,0.3058,21.3662
0.1314,0.9981,58.2415,0.2134,0.1286,32.1748
0.1185,0.9991,58.9594,0.1448,0.3290,15.6908
0.1039,1.0000,58.8543,0.1678,0.1436,13.4351
0.1026,1.0000,46.8800,0.1864,0.2224,4.6475
0.1210,0.9995,50.3805,0.1391,0.0752,8.1594
0.1300,1.0000,42.9842,0.2000,0.3056,20.0396
0.0994,1.0000,40.0647,0.2053,0.3624,46.1021
0.1199,1.0000,35.4953,0.2132,0.1135,49.4591
0.1082,1.0000,48.1874,0.1828,0.1108,6.3886
0.1207,0.9998,51.4826,0.1805,0.0385,38.0393
0.1011,1.0000,56.4570,0.1582,0.3220,1.5290
0.1066,1.0000,58.8985,0.1581,0.3881,18.6830
0.1137,1.0000,42.4122,0.2216,0.2826,13.4415
0.1025,1.0000,48.0992,0.1597,0.4073,14.1760
0.1419,0.9988,59.4574,0.1452,0.3484,15.6670
0.1127,1.0000,42.1716,0.1492,0.1818,51.1746
0.1093,0.9999,41.5194,0.1526,0.0429,28.6525
0.1197,1.0000,59.5546,0.1438,0.2858,4.6850
0.1060,1.0000,42.2429,0.1599,0.1836,16.5642
0.1085,1.0000,38.7326,0.2333,0.1865,56.2607
0.1008,1.0000,41.9560,0.1299,0.0387,44.2347
0.0987,1.0000,51.8531,0.1224,0.1007,54.7849
0.1071,0.9990,57.9070,0.1528,0.0638,40.0662
0.1062,1.0000,47.2677,0.1971,0.4194,31.8863
0.1161,0.9999,38.2203,0.2055,0.2926,46.0556
0.1264,0.9999,47.1054,0.1878,0.1661,11.8884
0.0946,1.0000,54.6615,0.1492,0.4108,1.8554
0.1271,1.0000,50.7605,0.1492,0.2637,9.3944
0.1156,1.0000,49.5890,0.1990,0.0750,0.9405
0.1189,0.9988,58.5711,0.2002,0.3407,9.8266
0.0927,0.9999,48.5368,0.1256,0.0671,42.2341
0.1273,1.0000,44.8329,0.2215,0.2410,11.8560
0.1270,0.9999,42.8063,0.1595,0.2041,18.1705
0.1020,1.0000,34.9212,0.2160,0.4308,11.5181
0.1197,1.0000,46.6021,0.1249,0.2939,18.3298
0.1056,0.9999,43.8233,0.1905,0.2799,16.7830
0.1041,0.9999,50.2445,0.1491,0.0080,55.9338
0.1003,1.0000,37.6508,0.2391,0.3740,49.3955
0.1117,1.0000,43.4683,0.2011,0.3094,4.5027
0.1042,0.9999,44.0438,0.1500,0.1257,52.5863
0.1120,0.9999,58.9758,0.1380,0.0048,11.1451
0.1043,1.0000,59.4863,0.1926,0.1417,7.6789
0.1082,0.9993,59.3792,0.1980,0.2202,1.9592
0.1261,0.9998,58.8075,0.1344,0.1446,0.2716
0.1309,0.9999,53.4141,0.1366,0.0633,6.9250
0.1251,0.9999,58.3090,0.1364,0.0288,8.4860
0.0961,1.0000,56.8470,0.1376,0.2149,10.3287
0.1004,1.0000,39.5984,0.2064,0.3697,54.6653
0.1038,1.0000,38.8484,0.2171,0.3153,6.6644
0.1090,1.0000,46.9536,0.1600,0.1433,58.3040
0.1244,1.0000,47.7117,0.2060,0.5537,13.0925
0.1164,1.0000,46.8626,0.1378,0.2152,56.6554
0.1208,0.9996,59.3492,0.1473,0.2906,26.5729
0.1141,0.9998,42.3377,0.2367,0.2612,55.5422
0.1020,1.0000,45.7255,0.1372,0.0408,48.6119
0.1113,0.9999,41.0667,0.2051,0.1537,41.4513
0.1167,0.9998,59.6160,0.2067,0.2459,21.4178
0.1234,1.0000,40.6808,0.1977,0.0533,59.5778
0.0976,1.0000,41.3809,0.2163,0.1864,43.7258
0.1064,1.0000,47.1326,0.2122,0.0242,21.7640
0.1055,1.0000,54.1484,0.1625,0.2904,16.4195
0.1005,0.9991,59.0866,0.1268,0.0896,52.8468
0.1169,1.0000,49.3520,0.1487,0.0997,2.1485
0.1191,0.9997,52.0174,0.1616,0.2590,1.8180
0.1051,0.9999,57.5054,0.1485,0.1217,12.4635
0.0918,1.0000,40.6530,0.1495,0.0316,53.3380
0.1274,0.9997,58.2668,0.1483,0.2485,2.2813
0.1169,1.0000,39.9955,0.2484,0.4258,56.7254
0.1060,0.9999,40.1910,0.2072,0.1791,17.2304
0.1012,1.0000,39.9379,0.2112,0.2165,58.8271
0.0997,1.0000,46.0601,0.2353,0.2483,5.7350
0.1070,1.0000,44.8585,0.2057,0.2799,14.6909
0.1189,0.9982,59.6845,0.1656,0.2130,3.2482
0.1179,1.0000,59.6131,0.1752,0.3281,13.9536
0.1154,1.0000,44.5122,0.2039,0.2519,3.2017
0.0990,0.9999,57.8238,0.1869,0.1447,33.0913
0.1098,0.9999,54.8160,0.1335,0.0490,13.6417
0.1047,0.9999,56.7239,0.1509,0.0169,23.5302
0.1200,0.9998,58.6180,0.1965,0.1602,19.2152
0.1119,0.9999,46.2907,0.1321,0.1111,58.5591
0.1074,1.0000,54.7303,0.1481,0.1047,13.4334
0.0974,0.9999,41.7832,0.1510,0.0267,34.2027
0.1121,0.9998,40.5435,0.2013,0.2493,53.6688
0.1216,0.9999,43.7757,0.1942,0.1830,13.0938
0.1436,0.9995,59.7282,0.2089,0.0360,21.8840
0.1317,0.9999,57.8703,0.1511,0.3377,9.3616
0.1122,1.0000,46.8823,0.1771,0.1355,10.5954
0.1261,0.9998,41.5864,0.1413,0.0433,45.5094
0.0999,1.0000,40.4374,0.1818,0.6525,45.0605
0.1330,0.9999,54.6539,0.1477,0.0947,7.3633
0.1085,1.0000,55.3357,0.1262,0.2162,5.0887
0.1087,1.0000,37.1310,0.2023,0.2240,59.6529
0.1069,1.0000,44.3658,0.2256,0.1472,1.5059
0.1070,1.0000,37.1648,0.1862,0.2591,51.5950
0.1199,0.9999,56.4666,0.1562,0.2737,0.9592
0.0921,1.0000,37.7556,0.1897,0.3210,50.0690
0.1023,0.9999,42.5999,0.2125,0.1873,52.3120
0.1163,0.9998,52.0062,0.1742,0.2101,5.1069
0.1170,1.0000,46.5461,0.1743,0.0194,23.2462
0.0955,1.0000,41.3348,0.1187,0.4397,44.2013
0.0942,0.9997,36.5876,0.2746,0.4588,57.4010
0.0922,0.9999,59.2902,0.1753,0.3422,4.9159
0.1089,1.0000,46.5008,0.1831,0.0869,31.8191
0.1116,0.9999,48.1222,0.1641,0.0730,21.6426
0.1399,0.9991,45.2582,0.2084,0.0947,44.2924
0.0958,0.9999,43.3740,0.1698,0.0431,59.6862
0.1385,1.0000,55.4091,0.1643,0.0983,11.5253
0.1147,1.0000,40.0253,0.1714,0.0240,54.7827
0.1071,1.0000,33.8922,0.2417,0.3282,53.3277
0.1028,0.9999,44.8177,0.2244,0.0226,31.6963
0.1154,1.0000,42.2850,0.1538,0.1381,59.2447
0.1122,1.0000,39.4325,0.1419,0.0832,59.1104
0.1246,0.9996,59.5969,0.2115,0.1086,11.3219
0.1031,1.0000,45.9782,0.2004,0.1831,20.1390
0.1178,1.0000,56.8080,0.2079,0.3511,2.4581
0.1128,0.9999,52.2081,0.1943,0.0506,6.3469
0.1186,0.9998,50.4250,0.1733,0.1024,9.5018
0.0974,0.9997,49.1743,0.1787,0.2823,32.3233
0.1161,0.9999,49.8619,0.2084,0.1951,5.2150
0.1088,1.0000,44.9511,0.1818,0.3991,6.1249
0.0978,0.9998,41.0859,0.1982,0.0546,41.4838
0.1162,0.9999,58.4167,0.1634,0.3572,16.1439
0.1176,0.9996,50.2633,0.1921,0.2156,6.9029
0.1045,1.0000,37.8984,0.2051,0.0519,57.8868
0.1058,0.9998,43.1119,0.1607,0.0863,54.1021
0.1163,0.9999,58.7407,0.1377,0.2108,21.1677
0.1135,0.9999,57.6427,0.1350,0.1140,2.7967
0.1093,1.0000,54.6929,0.1849,0.3770,9.6220
0.1192,0.9995,51.8040,0.1723,0.1680,0.6220
0.1333,0.9988,58.7930,0.1426,0.0769,1.9854
0.0980,0.9999,40.2607,0.2157,0.2239,33.0978
0.0962,0.9999,39.9286,0.1949,0.2685,32.0062
0.1169,1.0000,43.1229,0.1686,0.0814,59.4523
0.1135,0.9992,52.5721,0.2224,0.0955,14.1049
0.1172,0.9994,57.9522,0.1494,0.0026,54.8569
0.1110,0.9985,59.8075,0.1825,0.2519,12.4704
0.1033,1.0000,43.3337,0.1881,0.1403,32.9900
0.0990,0.9999,39.2660,0.1936,0.3995,27.6426
0.1121,1.0000,51.7106,0.1805,0.1628,4.6114
0.1393,0.9987,59.3595,0.1777,0.2051,8.8139
0.1174,0.9999,40.2711,0.2381,0.4032,12.0447
0.0910,1.0000,40.7290,0.1961,0.3169,51.8839
0.1140,1.0000,46.5904,0.1871,0.3263,0.8486
0.0970,0.9999,40.6109,0.1717,0.1983,53.5127
0.1012,0.9996,59.8636,0.1863,0.0698,44.6463
0.1072,1.0000,59.4512,0.1784,0.3005,6.7322
0.1115,1.0000,48.3045,0.1540,0.1005,10.5379
0.1176,1.0000,50.8879,0.1825,0.5094,7.0024
0.1074,0.9999,42.5402,0.1665,0.0143,48.5638
0.1070,1.0000,44.7086,0.1187,0.2359,53.8619
0.0865,1.0000,40.9482,0.2229,0.0778,36.5118
0.1104,0.9997,47.6685,0.2004,0.2674,3.4258
0.1170,0.9996,58.8746,0.2126,0.1894,13.0911
0.1195,1.0000,59.0783,0.1457,0.2745,3.0914
0.1070,0.9999,40.9137,0.2339,0.3990,7.2433
0.1042,1.0000,58.0832,0.1772,0.1983,5.7230
0.1072,0.9995,56.2365,0.1979,0.2127,11.8718
0.1170,1.0000,46.0049,0.1485,0.0354,54.2966
0.1128,1.0000,37.0113,0.2483,0.1247,42.4638
0.1083,1.0000,51.2187,0.2005,0.1695,9.1942
0.0975,1.0000,42.1219,0.1894,0.5968,26.2850
0.1092,0.9999,40.5305,0.2320,0.2163,41.8789
0.0995,1.0000,51.2067,0.1317,0.2519,58.2129
0.1188,0.9996,57.4385,0.1770,0.0440,11.3589
0.1088,0.9999,56.4843,0.1713,0.2625,20.1595
0.1224,1.0000,38.8302,0.1889,0.0713,55.8188
0.1211,1.0000,57.3557,0.2324,0.3301,8.1261
0.0975,0.9998,41.8057,0.2397,0.2693,8.9765
0.1190,0.9998,59.9504,0.1608,0.0510,13.9274
0.1228,0.9996,59.8781,0.1757,0.2451,13.5009
0.1079,0.9998,48.0810,0.1635,0.1272,52.0509
0.1123,1.0000,52.6333,0.1919,0.2982,11.4283
0.1122,1.0000,35.3848,0.2601,0.5176,52.8656
0.1087,1.0000,41.1340,0.2204,0.2853,25.8939
0.1022,0.9999,36.9214,0.2140,0.0276,20.2525
0.1043,1.0000,37.3343,0.2091,0.1119,52.4700
0.1073,0.9999,47.0355,0.1488,0.1903,28.6619
0.0977,0.9999,44.3810,0.2352,0.2782,56.1257
0.1139,1.0000,44.1210,0.1438,0.4418,3.1525
0.1205,0.9999,54.3908,0.1696,0.1960,6.2939
0.1220,0.9999,58.6926,0.1659,0.3552,30.7172
0.1047,0.9999,47.9124,0.1173,0.0799,36.6053
0.1217,0.9999,50.5054,0.1759,0.3866,1.9193
0.1071,0.9998,48.6132,0.2221,0.0235,55.7696
0.1153,1.0000,45.3585,0.2087,0.4108,14.8583
0.0998,1.0000,52.1982,0.1342,0.0329,11.0251
0.1185,0.9999,48.9293,0.1477,0.3100,21.1835
0.1118,0.9988,59.5439,0.2099,0.0906,10.7080
0.1225,0.9999,55.5015,0.1355,0.0771,0.6708
0.1053,1.0000,58.6364,0.2189,0.1305,14.6939
0.1059,0.9999,44.3827,0.1244,0.0101,57.8705
0.1108,1.0000,48.5359,0.1836,0.1424,0.3660
0.1061,1.0000,55.5670,0.1122,0.0564,10.0382
0.1126,0.9998,59.6650,0.1626,0.1646,25.5058
0.1160,0.9986,58.5769,0.1870,0.3697,4.4404
0.1057,0.9999,42.9991,0.2166,0.2576,13.4282
0.1002,1.0000,44.1883,0.1451,0.0710,53.3158
0.1130,0.9999,52.8504,0.1668,0.2369,3.7159
0.0987,1.0000,38.6482,0.2511,0.1655,29.5686
0.0988,0.9999,34.2874,0.2535,0.1331,58.9261
0.1119,0.9992,58.0256,0.2426,0.1909,8.1818
0.0950,0.9998,44.7556,0.2350,0.2673,50.3256
0.1152,1.0000,40.7466,0.1684,0.1199,53.6894
0.1346,1.0000,39.3774,0.2432,0.1819,44.7426
0.1144,0.9997,43.9434,0.1587,0.1912,50.5177
0.1173,0.9989,59.7923,0.2203,0.2096,6.0935
0.1185,0.9999,55.5480,0.1189,0.0579,11.9383
0.1255,0.9987,58.6396,0.2035,0.2046,6.7484
0.1048,1.0000,50.7393,0.2320,0.4714,4.4265
0.1223,0.9999,59.6494,0.1363,0.0497,3.0294
0.1088,0.9998,45.9755,0.1836,0.1636,17.1655
0.1187,0.9999,57.3734,0.1538,0.1394,55.4359
0.0956,0.9999,44.8545,0.2193,0.1364,41.2862
0.1138,0.9998,57.9478,0.2261,0.1100,3.5502
0.0978,1.0000,58.5159,0.1514,0.0085,38.8253
0.1185,0.9998,52.5522,0.1658,0.2091,5.7390
0.1135,0.9999,45.0366,0.1852,0.3218,15.9202
0.0976,1.0000,55.6523,0.2183,0.2836,16.3579
0.1209,0.9999,52.6884,0.1777,0.0170,13.3699
0.1085,0.9993,59.2674,0.1428,0.0191,40.7612
0.1119,0.9999,55.7199,0.1441,0.0075,19.0878
0.1128,0.9996,59.8692,0.1334,0.1632,22.8057
0.1209,1.0000,44.3958,0.1702,0.0370,56.3945
0.1173,0.9999,47.0314,0.1972,0.2084,4.3249
0.0999,1.0000,47.5768,0.1815,0.0247,37.0689
0.1111,0.9998,58.2498,0.1690,0.1051,20.0614
0.1136,0.9999,50.4528,0.1974,0.1647,19.1217
0.0977,1.0000,42.8987,0.1464,0.1813,0.8081
0.1178,0.9995,59.1033,0.2009,0.1653,18.9297
0.0944,1.0000,59.8746,0.1361,0.1666,16.4617
0.1137,0.9999,50.4320,0.1538,0.0404,8.8811
0.1128,0.9998,49.6873,0.1831,0.0839,19.4796
0.1078,0.9999,48.5752,0.1270,0.0988,23.5744
0.1190,1.0000,39.9295,0.1663,0.1196,32.9297
0.1054,0.9999,44.3371,0.2221,0.2331,47.6878
0.1216,1.0000,52.0918,0.1575,0.1242,16.5025
0.1237,1.0000,42.9625,0.2228,0.2290,34.9316
0.1231,1.0000,41.7848,0.1713,0.1381,13.4408
0.1406,0.9981,59.8917,0.2216,0.0781,8.0986
0.1027,1.0000,45.4800,0.1664,0.1232,25.8690
0.1151,0.9998,59.8810,0.1851,0.2706,23.6977
0.1174,1.0000,54.7679,0.2243,0.1262,5.9349
0.1042,0.9999,41.7646,0.1839,0.2930,31.0858
0.1087,0.9999,44.3129,0.1705,0.2104,42.8608
0.1396,0.9999,54.3795,0.1545,0.1887,7.9950
0.1461,1.0000,45.1797,0.1462,0.0398,13.9669
0.1193,1.0000,41.4998,0.1856,0.1510,43.5637
0.1223,0.9999,58.7853,0.1832,0.2381,7.2744
0.1061,0.9999,52.3081,0.1656,0.0102,1.8308
0.0948,0.9997,52.5141,0.2334,0.3598,7.7297
0.1065,1.0000,39.5560,0.2127,0.1394,28.9036
0.1043,1.0000,41.2765,0.2108,0.3385,8.0021
0.1126,0.9999,45.5374,0.1696,0.0000,38.8238
0.1010,1.0000,48.2785,0.1668,0.1975,34.6095
0.1130,0.9999,50.7134,0.1848,0.2719,3.5886
0.1042,0.9999,43.1989,0.1205,0.2955,11.4160
0.1238,1.0000,58.5382,0.1257,0.2357,24.6173
0.1256,0.9997,59.7975,0.1339,0.0086,5.7247
0.0979,1.0000,48.1219,0.1589,0.3654,14.3530
0.1053,1.0000,41.1379,0.2354,0.2681,5.9250
0.0891,1.0000,50.5145,0.1337,0.0056,56.6872
0.1087,0.9999,53.2891,0.1731,0.0547,45.2144
0.1150,1.0000,56.6267,0.1545,0.4563,13.2954
0.1207,1.0000,44.2909,0.1763,0.2065,38.6030
0.1087,0.9999,45.9899,0.1752,0.0956,3.2004
0.1089,0.9999,47.7619,0.1607,0.0472,40.3560
0.1112,1.0000,40.7058,0.1726,0.1561,26.5052
0.1244,0.9996,56.0540,0.1666,0.2016,8.5490
0.1223,1.0000,48.3025,0.1553,0.1246,6.5114
0.1148,0.9999,51.1678,0.1957,0.2260,48.1890
0.0994,1.0000,51.4502,0.1605,0.1079,31.0599
0.1009,0.9999,51.3919,0.1612,0.1744,1.2539
0.1197,1.0000,59.1651,0.1840,0.4764,14.5767
0.1200,1.0000,45.6938,0.1650,0.1028,44.3277
0.1275,0.9997,57.3903,0.2112,0.2135,1.2988
0.1300,1.0000,49.7990,0.1927,0.2179,10.3107
0.0990,1.0000,49.5871,0.1967,0.4077,16.3686
0.1040,1.0000,46.3944,0.2026,0.0150,18.3891
0.0927,1.0000,45.8051,0.1868,0.0532,45.1675
0.1161,0.9997,59.6998,0.1858,0.1250,10.7377
0.1091,0.9999,49.8116,0.1416,0.0302,32.6601
0.1123,0.9997,49.4513,0.1343,0.1567,10.0379
0.1159,1.0000,41.6652,0.2179,0.2001,2.9318
0.1085,1.0000,36.4284,0.2235,0.2470,47.2340
0.1191,1.0000,49.3875,0.1474,0.1284,41.2394
0.1180,0.9990,58.4434,0.1664,0.0739,40.2003
0.1075,0.9999,44.3609,0.2212,0.1325,17.6759
0.0963,1.0000,50.3247,0.2312,0.5606,15.9895
0.1005,0.9999,55.6078,0.1555,0.0645,7.1893
0.1262,0.9996,52.5009,0.1651,0.0532,2.0505
0.1008,1.0000,47.5815,0.1698,0.1369,40.5193
0.1199,0.9997,43.4418,0.1784,0.1291,57.3268
0.1064,1.0000,46.3142,0.1740,0.1373,48.5064
0.1151,0.9992,58.4626,0.1938,0.0493,25.1925
0.1406,0.9998,58.5385,0.1585,0.1318,9.5704
0.1011,0.9999,38.9167,0.2022,0.2306,55.7679
0.1192,1.0000,43.3475,0.2031,0.3635,12.2721
0.1084,0.9994,57.3990,0.2230,0.0310,4.8400
0.1039,1.0000,46.6733,0.1895,0.0166,23.9635
0.1394,0.9997,51.3687,0.1666,0.0364,11.4064
0.1117,1.0000,42.7759,0.2081,0.1618,15.3780
0.1176,1.0000,50.8354,0.1686,0.1137,10.1308
0.1219,0.9999,51.4432,0.2029,0.1351,5.9332
0.1204,0.9999,59.0088,0.1609,0.5178,15.4372
0.0999,1.0000,36.5966,0.1934,0.5430,58.0955
0.1080,1.0000,51.9977,0.1347,0.0109,14.5239
0.1057,0.9999,58.6288,0.1379,0.2767,37.5251
0.1135,1.0000,45.0393,0.2118,0.3322,39.8756
0.1314,1.0000,45.2207,0.1545,0.1759,15.2851
0.1060,0.9999,49.9007,0.1676,0.0678,42.2165
0.1146,1.0000,49.0506,0.1568,0.0317,9.1192
0.1055,1.0000,39.2766,0.2151,0.2307,41.8116
0.1123,0.9996,56.9927,0.1450,0.0144,30.9227
0.1080,1.0000,51.9384,0.1432,0.3619,14.6811
0.1369,0.9997,45.5788,0.1744,0.1642,49.2119
0.1063,0.9999,59.0844,0.1711,0.4170,4.0260
0.1228,1.0000,51.0976,0.1567,0.0666,3.7632
0.1166,0.9987,57.8349,0.2296,0.0597,12.8529
0.1087,1.0000,41.9339,0.1331,0.1754,27.2765
0.1091,0.9998,46.0623,0.1581,0.0109,38.6756
0.1147,0.9999,34.0211,0.2494,0.3799,55.0430
0.1006,1.0000,40.7801,0.1611,0.1762,56.8986
0.0980,0.9999,51.0460,0.2056,0.1818,10.2939
0.1044,0.9994,58.1912,0.2375,0.3190,3.0977
0.1292,0.9996,49.9697,0.1757,0.0986,1.5174
0.1207,0.9999,52.9673,0.1763,0.0782,59.5050
0.1090,1.0000,34.2804,0.2561,0.2424,9.5035
0.1149,0.9998,55.2772,0.2211,0.0829,2.2866
0.1149,1.0000,42.7709,0.1861,0.2522,13.6405
0.1167,1.0000,49.9184,0.1611,0.1943,8.0220
0.1214,0.9992,59.8773,0.1808,0.0621,10.1830
0.1206,1.0000,40.4180,0.1964,0.2292,29.5408
0.1206,0.9998,59.1785,0.2031,0.1484,7.2751
0.1003,0.9999,42.2664,0.1973,0.0291,45.4818
0.1106,1.0000,55.9588,0.1466,0.0914,13.7699
0.1169,0.9998,43.3242,0.2329,0.1976,45.3335
0.1167,0.9997,55.5092,0.1664,0.0608,16.2042
0.1119,1.0000,47.3959,0.2233,0.1126,1.0675
0.1446,0.9990,59.9416,0.1619,0.0258,6.2977
0.1129,0.9997,48.2909,0.1878,0.1523,10.8704
0.0926,0.9999,40.4438,0.2342,0.3329,44.7953
0.1308,1.0000,44.6830,0.1632,0.0520,5.0794
0.1278,0.9992,56.7123,0.1915,0.1052,1.4708
0.0997,1.0000,40.6718,0.1539,0.2386,46.3186
0.1191,0.9999,58.3479,0.1208,0.1264,12.7176
0.1055,0.9999,48.0753,0.2212,0.2617,2.4012
0.1129,0.9995,58.7953,0.1831,0.1903,22.6806
0.1178,0.9987,57.6634,0.2091,0.2637,9.6175
0.1073,1.0000,42.5071,0.1809,0.1832,10.7453
0.1332,1.0000,53.6556,0.1736,0.2507,4.9634
0.1169,0.9999,54.7981,0.1785,0.2785,11.2433
0.0985,1.0000,44.5200,0.1334,0.1493,45.8034
0.1405,0.9998,58.2450,0.1511,0.1608,13.8402
0.1055,1.0000,40.1182,0.2090,0.0191,53.0467
0.1028,1.0000,44.8507,0.1841,0.2444,1.3071
0.1170,0.9999,48.5884,0.1884,0.0603,13.0229
0.1103,0.9999,36.8322,0.2162,0.0109,27.0930
0.1170,0.9996,59.5623,0.1513,0.1455,16.7505
0.1341,0.9985,58.6711,0.2284,0.1747,9.3188
0.1140,0.9999,40.8091,0.2226,0.2647,15.6745
0.1144,1.0000,51.0896,0.2069,0.1845,13.5878
0.1038,1.0000,38.6530,0.2029,0.4340,42.6742
0.1207,1.0000,51.0947,0.1639,0.1191,2.6824
0.1095,0.9998,54.3874,0.1136,0.1974,0.8611
0.1034,1.0000,45.5993,0.1833,0.4602,11.4627
0.1012,1.0000,38.3878,0.1460,0.3617,57.9380
0.1248,0.9999,57.0499,0.1739,0.2386,11.5180
0.1145,0.9999,59.2498,0.1593,0.3407,6.0723
0.0924,0.9999,40.5692,0.2163,0.4301,47.1509
0.1354,0.9997,43.4651,0.1836,0.0189,47.1929
0.1098,1.0000,48.7399,0.1574,0.2996,56.9416
0.1146,1.0000,41.8541,0.2293,0.1727,0.1175
0.1143,0.9999,37.6873,0.2637,0.3542,1.6196
0.1062,1.0000,35.2211,0.1868,0.1488,59.6776
0.1033,1.0000,44.1230,0.1975,0.1079,26.8760
0.1260,0.9999,59.9432,0.1378,0.3312,27.3934
0.1109,0.9999,44.4258,0.2291,0.2289,36.8914
0.1018,0.9999,56.9164,0.1303,0.1230,50.8871
0.0900,0.9999,43.3115,0.2491,0.1735,43.7628
0.1239,1.0000,57.5778,0.2303,0.1081,11.7829
0.1091,1.0000,39.6899,0.1575,0.0544,31.7498
0.1113,0.9999,51.5145,0.1404,0.2686,9.1783
0.0917,1.0000,44.0290,0.1408,0.2687,50.8994
0.0881,1.0000,46.9139,0.1882,0.0276,47.6157
0.1080,1.0000,55.1038,0.1803,0.1855,19.4601
0.1358,1.0000,44.6705,0.1837,0.2584,4.6957
0.1077,0.9998,54.7708,0.2142,0.1551,14.3968
0.1272,1.0000,54.5246,0.2322,0.1514,2.7621
0.1063,0.9999,41.1629,0.2302,0.2822,17.8704
0.1155,1.0000,54.2350,0.1716,0.0963,5.9239
0.1070,0.9999,35.8274,0.2038,0.5084,4.7678
0.1233,0.9983,59.7939,0.2043,0.1416,29.9139
0.1288,1.0000,58.2137,0.1849,0.1175,40.3296
0.1102,0.9999,55.6076,0.1607,0.2099,2.8321
0.0961,1.0000,53.9915,0.1810,0.3038,29.4094
0.1234,1.0000,54.2224,0.1706,0.2269,0.9454
0.1175,1.0000,38.6517,0.2512,0.5522,5.4621
0.1177,0.9999,54.1117,0.1616,0.0482,41.2018
0.1144,0.9999,43.5222,0.2001,0.0512,43.0615
0.1080,1.0000,53.7720,0.1486,0.1371,1.4411
0.0983,1.0000,52.6118,0.1723,0.3260,14.2995
0.1115,1.0000,43.8274,0.2157,0.0013,36.6801
0.1126,1.0000,46.8160,0.1844,0.0980,12.4469
0.1215,1.0000,45.5786,0.1938,0.1973,9.3310
0.1264,1.0000,59.9338,0.1315,0.1934,14.9276
0.1106,0.9997,48.9620,0.2183,0.2031,18.2055
0.1252,1.0000,58.6203,0.1764,0.2823,9.3618
0.1016,1.0000,43.2221,0.2300,0.2419,4.8123
0.1166,0.9998,51.6118,0.2020,0.1181,1.8271
0.1240,0.9985,59.2218,0.1653,0.0318,6.6475
0.1141,0.9999,59.7343,0.1578,0.2259,20.3868
0.1025,1.0000,50.4330,0.2278,0.0600,4.7239
0.1034,0.9997,56.6026,0.1587,0.0248,52.9921
0.0916,0.9999,29.8810,0.2642,0.5148,43.8655
0.1044,0.9999,55.8506,0.1359,0.2464,6.8220
0.1110,0.9998,57.4018,0.1988,0.2239,11.2531
0.1001,0.9999,55.7119,0.2086,0.5432,1.0736
0.0923,1.0000,43.9957,0.1436,0.0115,49.1385
0.1162,0.9999,39.9873,0.1854,0.4000,12.6228
0.1227,0.9998,44.1508,0.1980,0.0219,59.3192
0.1197,0.9998,49.3584,0.1822,0.0752,5.7287
0.1122,0.9999,55.3387,0.1627,0.1381,7.3226
0.1138,0.9998,51.8813,0.2050,0.0396,2.3110
0.1097,1.0000,41.7841,0.1468,0.0059,55.5182
0.1063,1.0000,56.1128,0.2084,0.3976,10.7193
0.1138,0.9988,58.9672,0.2284,0.1355,0.0252
0.1070,1.0000,57.6198,0.1462,0.0791,8.0248
0.1171,0.9999,58.2205,0.1607,0.1395,10.2995
0.1444,0.9991,58.8185,0.2077,0.3325,10.0939
0.1122,0.9998,46.6612,0.2024,0.0827,45.9358
0.1357,0.9998,49.1791,0.1645,0.1958,0.7811
0.1127,0.9999,48.9277,0.1604,0.0581,58.5417
0.1126,1.0000,39.0515,0.2675,0.3320,36.0495
0.1121,0.9994,58.5877,0.1621,0.0133,6.6736
0.1182,1.0000,59.8628,0.1230,0.2802,13.3487
0.1200,0.9995,57.2086,0.1677,0.2871,20.4444
0.1037,0.9998,50.4724,0.1851,0.0349,3.5253
0.0916,0.9999,42.0105,0.1992,0.2110,49.9881
0.1027,0.9999,39.9198,0.1357,0.2437,59.6058
0.1119,1.0000,57.6358,0.1454,0.0784,24.8491
0.1182,1.0000,49.0507,0.1751,0.2394,16.3096
0.1085,1.0000,46.5782,0.1710,0.3792,6.7212
0.1129,0.9992,57.7227,0.2011,0.1293,33.0694
0.1066,1.0000,51.8718,0.1657,0.0793,3.3636
0.1141,0.9999,37.5890,0.2363,0.4854,14.6141
0.1025,1.0000,42.1706,0.1577,0.1366,11.6211
0.1348,1.0000,45.6867,0.1807,0.3409,3.0618
0.1089,0.9982,58.7924,0.2420,0.1461,2.1918
0.0986,1.0000,44.1901,0.1737,0.0879,55.4158
0.1338,0.9999,49.3289,0.1684,0.2715,0.7796
0.0937,1.0000,37.5082,0.2352,0.3161,53.3522
0.1127,0.9998,48.6078,0.1705,0.0653,10.2410
0.1048,0.9999,39.2133,0.2316,0.2316,53.2824
0.1099,1.0000,38.2472,0.2159,0.0628,49.7706
0.1074,1.0000,37.0103,0.2587,0.2301,48.0618
0.0954,1.0000,54.2327,0.2139,0.2494,10.3908
0.1171,1.0000,38.5366,0.1931,0.1238,49.4032
0.1083,0.9999,55.8385,0.1655,0.1565,19.2946
0.1120,1.0000,42.4962,0.1932,0.2092,12.8056
0.1027,1.0000,38.0603,0.1915,0.3620,53.2112
0.1129,0.9997,58.3365,0.1995,0.0503,0.6377
0.1011,1.0000,42.9105,0.2118,0.1050,46.7356
0.0978,0.9999,43.3574,0.1587,0.1608,55.3507
0.1251,1.0000,57.2441,0.1901,0.1493,0.9134
0.1085,1.0000,53.5143,0.1939,0.1389,4.8121
0.1017,1.0000,40.0256,0.1826,0.4650,19.8273
0.1180,1.0000,40.7857,0.2346,0.3816,9.5954
0.1049,1.0000,41.4978,0.2125,0.2118,47.4429
0.1326,0.9999,45.4652,0.1935,0.1330,10.9167
0.1154,1.0000,45.2873,0.1508,0.2565,39.1418
0.1237,0.9999,54.1376,0.1451,0.1253,49.5816
0.0950,1.0000,45.9149,0.1927,0.1445,13.8423
0.1159,0.9999,53.4474,0.1408,0.1787,6.1601
0.0818,1.0000,43.9938,0.2094,0.4913,52.8777
0.1141,0.9999,50.3926,0.1879,0.2065,7.1308
0.1022,1.0000,43.3196,0.1625,0.1708,22.8915
0.1165,1.0000,53.6166,0.1402,0.0680,16.3125
0.1123,1.0000,39.6472,0.2415,0.2964,6.9310
0.1238,0.9995,42.2552,0.1793,0.0423,56.4201
0.1247,0.9991,57.2808,0.1692,0.0473,50.2032
