0.0626,0.9697,29.3203,0.1692,0.2453,7.1433
0.0768,0.9828,30.4896,0.1762,0.3550,55.7997
0.0674,0.9644,37.5390,0.1822,0.2476,14.3081
0.0611,0.9650,39.1660,0.1922,0.4107,35.5532
0.0629,0.9702,40.5856,0.1524,0.4363,11.5234
0.0633,0.9741,37.8749,0.1637,0.2502,23.1411
0.0694,0.9749,28.1893,0.1671,0.4977,22.7494
0.0676,0.9726,42.1292,0.1779,0.3190,56.5045
0.0883,0.9668,40.8116,0.1629,0.4119,19.0557
0.0663,0.9748,33.5064,0.1631,0.4586,23.8702
0.0620,0.9792,37.2502,0.2141,0.3471,48.1469
0.0640,0.9749,39.0858,0.1900,0.4513,53.7356
0.0782,0.9794,37.0331,0.1557,0.2005,57.5674
0.0593,0.9819,29.6928,0.2049,0.4305,8.5108
0.0763,0.9683,44.1998,0.1717,0.2652,59.1000
0.0773,0.9541,35.3181,0.1884,0.2788,34.3072
0.0735,0.9815,34.2426,0.1844,0.4270,42.3468
0.0741,0.9633,45.8074,0.1541,0.3339,18.0805
0.0759,0.9736,35.7414,0.1902,0.3591,2.7120
0.0718,0.9715,47.8297,0.1662,0.4656,38.0350
0.0591,0.9789,41.8753,0.1671,0.4188,20.8739
0.0592,0.9804,29.4496,0.1943,0.4842,52.5892
0.0783,0.9705,39.1032,0.1596,0.3642,1.7009
0.0581,0.9759,32.0548,0.1833,0.3286,52.1490
0.0878,0.9675,51.3158,0.1692,0.2614,40.8569
0.0762,0.9742,40.7266,0.1728,0.2220,14.2617
0.0650,0.9694,56.3152,0.1879,0.4083,30.3310
0.0695,0.9694,48.6414,0.1662,0.3758,33.0555
0.0418,0.9790,31.0720,0.2055,0.4220,44.1682
0.0774,0.9665,43.2152,0.1810,0.2878,31.6939
0.0636,0.9831,34.2242,0.1818,0.5360,16.4275
0.0567,0.9694,38.6354,0.1623,0.4099,39.9824
0.0664,0.9737,38.1250,0.2029,0.2625,50.5308
0.0875,0.9605,34.5066,0.1570,0.3475,48.5122
0.0650,0.9597,42.9433,0.1430,0.1435,38.2643
0.0806,0.9757,40.6340,0.1805,0.3938,37.8036
0.0756,0.9649,48.5068,0.1697,0.3117,43.7856
0.0786,0.9800,36.7731,0.1526,0.2990,37.8435
0.0708,0.9757,33.6893,0.1788,0.3087,40.1705
0.0579,0.9737,44.9093,0.1504,0.4448,20.3920
0.0500,0.9826,30.3576,0.1784,0.4777,43.8289
0.0540,0.9818,34.3855,0.1761,0.4826,7.4582
0.0541,0.9750,38.2736,0.1833,0.4688,22.6273
0.0671,0.9848,37.0858,0.1566,0.4701,3.3597
0.0611,0.9792,37.6078,0.1820,0.4551,22.4734
0.0863,0.9700,31.6988,0.1543,0.3110,36.5556
0.0538,0.9796,41.7753,0.1737,0.4295,28.8344
0.0693,0.9846,31.8786,0.1735,0.4362,26.0017
0.0459,0.9752,36.0593,0.1837,0.4528,36.1166
0.0655,0.9782,33.8579,0.1615,0.4371,11.8105
0.0576,0.9758,37.7250,0.2023,0.3781,36.8109
0.0475,0.9848,34.9196,0.1711,0.6490,20.3361
0.0691,0.9692,47.5291,0.1685,0.2469,34.2595
0.0717,0.9715,41.2595,0.1796,0.3741,30.2864
0.0470,0.9792,27.5382,0.2200,0.4296,17.8491
0.0595,0.9793,34.9733,0.1828,0.4480,41.0421
0.0881,0.9573,46.2237,0.1391,0.0036,41.1469
0.0680,0.9726,41.9232,0.1863,0.4930,23.9135
0.0723,0.9807,34.2195,0.1673,0.3094,29.4262
0.0603,0.9763,41.2217,0.2013,0.4392,30.1830
0.0616,0.9566,39.2048,0.1609,0.2654,40.8650
0.0729,0.9786,33.3315,0.1769,0.3840,48.3583
0.0750,0.9736,32.3870,0.1628,0.3798,19.3291
0.0733,0.9695,45.8084,0.1643,0.3289,59.7884
0.0532,0.9782,26.4058,0.1864,0.3759,47.2144
0.0657,0.9790,37.0348,0.1877,0.4121,38.9529
0.0707,0.9639,47.9617,0.1737,0.2026,36.5325
0.0653,0.9705,40.1427,0.1856,0.3748,52.8858
0.0655,0.9753,28.7821,0.2023,0.3188,56.5071
0.0657,0.9546,34.9186,0.1624,0.3326,46.5104
0.0572,0.9655,41.9504,0.1898,0.2303,24.9520
0.0875,0.9570,56.7493,0.1711,0.2910,45.2281
0.0778,0.9671,38.6102,0.1613,0.2671,36.8862
0.0613,0.9795,37.9849,0.1826,0.4542,13.4707
0.0551,0.9763,36.4072,0.1703,0.3650,43.4227
0.0728,0.9741,33.9342,0.1726,0.2934,34.7048
0.0611,0.9825,35.5974,0.1713,0.4443,56.3043
0.0781,0.9757,38.5358,0.1857,0.3497,42.2231
0.0573,0.9768,37.8834,0.1783,0.4455,25.0067
0.0573,0.9726,33.1181,0.1592,0.2898,19.3779
0.0651,0.9588,50.3720,0.1623,0.2648,42.7902
0.0546,0.9686,33.7161,0.1559,0.4109,43.5119
0.0597,0.9724,39.5514,0.1524,0.3210,7.8133
0.0564,0.9857,32.2467,0.1875,0.5049,33.3265
0.0700,0.9839,28.2604,0.1666,0.5116,22.3490
0.0642,0.9715,42.1855,0.1802,0.3083,44.5615
0.0678,0.9767,33.4621,0.1578,0.3586,42.0277
0.0569,0.9703,36.4047,0.1827,0.2677,43.2213
0.0793,0.9688,43.7694,0.1564,0.2007,34.1915
0.0622,0.9804,28.6793,0.1646,0.4136,52.3905
0.0608,0.9769,38.0264,0.1805,0.5132,11.4316
0.0799,0.9603,51.9209,0.1618,0.2511,51.5454
0.0751,0.9576,37.5405,0.1793,0.1590,34.1292
0.0825,0.9715,38.9626,0.1682,0.2666,52.5997
0.0705,0.9737,35.2961,0.2131,0.2866,54.6616
0.0600,0.9817,32.9925,0.1848,0.3030,36.9850
0.0663,0.9714,39.6632,0.1463,0.3102,46.8102
0.0716,0.9683,36.9793,0.1708,0.2098,22.1662
0.0517,0.9781,37.8148,0.1983,0.5371,43.1924
0.0522,0.9758,34.6059,0.1904,0.3738,59.4794
0.0593,0.9742,37.5256,0.1627,0.4449,47.1450
0.0828,0.9727,37.2815,0.1508,0.3696,20.9578
0.0676,0.9611,40.3104,0.1436,0.3798,57.2759
0.0567,0.9818,34.8062,0.1880,0.5069,45.8901
0.0606,0.9766,39.9889,0.2062,0.3922,4.7422
0.0622,0.9808,33.8510,0.1792,0.4444,31.7634
0.0397,0.9775,32.1323,0.1940,0.5057,57.1614
0.0668,0.9708,39.5248,0.1729,0.3416,20.5388
0.0530,0.9794,31.1581,0.1875,0.5269,44.1168
0.0579,0.9723,45.3923,0.1742,0.3448,40.2655
0.0665,0.9720,33.1393,0.1715,0.2415,31.6788
0.0578,0.9717,37.8873,0.1839,0.3934,52.0010
0.0695,0.9683,43.7390,0.1679,0.3616,22.8606
0.0601,0.9802,30.3151,0.1709,0.4944,1.9107
0.0532,0.9821,29.6133,0.2129,0.3861,41.7218
0.0479,0.9843,24.1081,0.1967,0.5510,39.2320
0.0676,0.9721,40.0809,0.1692,0.2896,13.7874
0.0652,0.9673,43.4828,0.1870,0.3186,42.1827
0.0562,0.9837,32.6806,0.2013,0.4796,54.6199
0.0514,0.9807,35.3238,0.1697,0.4522,33.1373
0.0736,0.9674,31.6505,0.1555,0.2226,33.8554
0.0702,0.9648,34.2551,0.1743,0.3112,47.4855
0.0608,0.9849,32.3521,0.1705,0.4090,43.6651
0.0750,0.9561,52.7928,0.1697,0.2298,14.2798
0.0610,0.9681,38.0993,0.1712,0.3256,11.1277
0.0582,0.9790,30.3455,0.1581,0.4965,49.4994
0.0714,0.9569,44.0316,0.1587,0.2375,38.9176
0.0584,0.9764,36.2993,0.2036,0.4446,58.0259
0.0762,0.9790,29.7105,0.1730,0.3824,44.9219
0.0571,0.9706,29.8557,0.1889,0.3522,33.4148
0.0677,0.9827,34.3694,0.1716,0.3698,22.4026
0.0756,0.9722,32.3128,0.1743,0.1564,58.8028
0.0645,0.9688,35.8008,0.1609,0.3397,8.1247
0.0697,0.9751,37.3321,0.1739,0.2043,52.1989
0.0791,0.9607,46.7714,0.1742,0.2741,40.2845
0.0567,0.9795,38.6735,0.1821,0.5217,21.2000
0.0891,0.9574,45.6655,0.1610,0.2137,45.2807
0.0647,0.9641,57.4063,0.1788,0.1824,34.0009
0.0659,0.9664,46.1994,0.1796,0.3213,5.6108
0.0549,0.9761,34.6868,0.1795,0.4322,33.4063
0.0700,0.9741,35.1904,0.1523,0.3638,54.8766
0.0665,0.9779,37.4463,0.1779,0.3007,26.1075
0.0461,0.9854,37.1023,0.2034,0.5830,6.7748
0.0584,0.9680,53.5530,0.1937,0.3466,28.3579
0.0674,0.9795,37.0695,0.1641,0.3587,10.2360
0.0733,0.9520,38.6092,0.1642,0.2440,42.2614
0.0778,0.9812,33.1898,0.1694,0.4170,35.2898
0.0747,0.9815,38.0212,0.1500,0.4236,59.0775
0.0691,0.9636,40.6924,0.1847,0.2640,20.3499
0.0737,0.9771,40.6149,0.1999,0.3153,32.7500
0.0712,0.9691,41.2508,0.1888,0.2652,54.9141
0.0476,0.9848,28.9943,0.1924,0.5052,37.4755
0.0711,0.9716,40.5448,0.1632,0.2278,26.6268
0.0730,0.9736,42.9227,0.2080,0.2831,28.7960
0.0626,0.9698,21.2122,0.1661,0.3822,53.8350
0.0522,0.9830,25.4708,0.2026,0.4007,42.0191
0.0799,0.9679,42.0880,0.1589,0.1961,42.1383
0.0483,0.9816,32.8904,0.1675,0.5605,31.9074
0.0681,0.9690,35.3264,0.1806,0.4401,49.3499
0.0483,0.9778,33.6459,0.1703,0.5163,32.3216
0.0588,0.9834,29.8098,0.1823,0.3869,46.5349
0.0709,0.9730,42.3918,0.1486,0.3739,46.0085
0.0691,0.9730,34.0682,0.1933,0.1933,32.3575
0.0667,0.9752,44.9892,0.1917,0.3990,40.6881
0.0614,0.9772,26.3732,0.1976,0.3769,41.8057
0.0608,0.9768,30.8418,0.1646,0.4119,13.8954
0.0730,0.9681,39.1075,0.1622,0.3317,16.0746
0.0645,0.9772,32.9681,0.1724,0.3341,39.7434
0.0568,0.9784,38.2227,0.1744,0.4885,31.0236
0.0760,0.9602,43.6461,0.1687,0.2160,17.9660
0.0631,0.9834,30.8803,0.1892,0.5440,33.2544
0.0629,0.9703,42.4344,0.1826,0.3769,42.9420
0.0764,0.9854,32.5750,0.1784,0.4400,35.4735
0.0689,0.9683,39.9140,0.1687,0.3566,36.8555
0.0726,0.9721,41.7765,0.1802,0.2871,38.4132
0.0652,0.9687,31.8821,0.1809,0.3103,11.2629
0.0513,0.9735,36.7244,0.1752,0.3698,24.8475
0.0565,0.9740,29.1022,0.1985,0.2347,47.4570
0.0770,0.9627,49.8478,0.1726,0.2393,21.2977
0.0738,0.9731,40.9822,0.1647,0.4188,21.7823
0.0670,0.9776,29.7726,0.1665,0.4205,53.9275
0.0591,0.9828,29.9264,0.1582,0.4551,37.8909
0.0639,0.9657,35.4609,0.1787,0.3699,22.4674
0.0707,0.9725,32.4623,0.1631,0.4117,8.1147
0.0622,0.9768,33.1564,0.1789,0.4372,36.4830
0.0729,0.9733,42.7980,0.1578,0.3315,53.5429
0.0735,0.9689,33.2635,0.1428,0.0955,40.8175
0.0713,0.9725,33.5954,0.1939,0.2975,37.4676
0.0564,0.9648,47.8001,0.1807,0.2711,59.1537
0.0636,0.9818,30.4912,0.1923,0.3523,43.3453
0.0486,0.9709,40.4626,0.1679,0.4131,31.3180
0.0652,0.9734,30.2846,0.1769,0.4818,59.1035
0.0860,0.9774,36.6523,0.1373,0.4728,28.9968
0.0489,0.9785,40.4396,0.1674,0.5085,10.4036
0.0618,0.9702,35.7774,0.1487,0.2109,57.1720
0.0641,0.9760,38.5228,0.1562,0.3924,16.7692
0.0789,0.9702,36.8274,0.1942,0.2830,30.2842
0.0624,0.9752,32.2885,0.1734,0.3557,22.9171
0.0632,0.9782,30.2939,0.1621,0.4400,35.9388
0.0614,0.9697,33.2945,0.1981,0.3399,44.4847
0.0709,0.9750,36.4918,0.1716,0.2547,36.6735
0.0627,0.9778,34.6605,0.1915,0.2829,51.6282
0.0542,0.9746,37.1516,0.1643,0.4023,46.5420
0.0775,0.9581,53.6822,0.1709,0.3924,41.3102
0.0533,0.9769,36.0186,0.1772,0.4191,35.3307
0.0540,0.9816,31.8829,0.1706,0.4643,2.3844
0.0587,0.9723,35.1855,0.1702,0.3228,47.6152
0.0620,0.9760,33.0020,0.1752,0.4660,39.0719
0.0765,0.9751,52.9991,0.1721,0.4417,37.9349
0.0685,0.9778,36.0405,0.2097,0.3018,20.1214
0.0692,0.9625,43.3145,0.1817,0.3277,32.7974
0.0660,0.9748,41.5829,0.1749,0.4022,11.0355
0.0671,0.9759,29.3711,0.1571,0.2864,46.4665
0.0806,0.9753,34.9953,0.1616,0.2790,45.1163
0.0911,0.9672,38.3507,0.1667,0.2778,31.7692
0.0827,0.9596,51.2650,0.1679,0.2814,48.6343
0.0505,0.9671,48.0628,0.1720,0.3718,35.7604
0.0761,0.9778,35.9181,0.1723,0.3274,58.0042
0.0541,0.9734,38.7206,0.1684,0.5252,43.4225
0.0715,0.9720,34.8870,0.1771,0.2644,41.2820
0.0630,0.9806,31.6583,0.1520,0.3339,31.2963
0.0849,0.9670,36.8597,0.1591,0.2473,30.4518
0.0497,0.9762,27.1288,0.1844,0.3760,38.8767
0.0756,0.9735,37.9101,0.1874,0.4188,39.8563
0.0638,0.9803,36.0815,0.1585,0.3849,41.1433
0.0551,0.9781,34.6408,0.1888,0.4284,38.3765
0.0735,0.9726,38.8688,0.1667,0.2505,51.4402
0.0496,0.9767,32.7735,0.1988,0.5102,27.0421
0.0664,0.9712,46.5870,0.1698,0.4298,47.5548
0.0552,0.9690,48.3570,0.1376,0.3858,32.7079
0.0602,0.9758,37.0850,0.1819,0.3393,56.1180
0.0637,0.9581,45.6075,0.1684,0.1228,49.4814
0.0568,0.9835,26.8805,0.1655,0.5119,36.2367
0.0603,0.9799,38.7589,0.1841,0.3133,22.5696
0.0510,0.9786,34.7292,0.1846,0.4223,31.0325
0.0488,0.9699,25.5422,0.1697,0.4348,37.2860
0.0522,0.9814,29.2162,0.1793,0.4336,22.6515
0.0666,0.9784,37.9989,0.1502,0.4540,7.7710
0.0734,0.9788,35.5623,0.1812,0.4536,48.8379
0.0613,0.9701,36.6071,0.1749,0.3519,31.4096
0.0776,0.9753,42.8466,0.1861,0.3822,28.3667
0.0563,0.9782,30.9453,0.1774,0.4851,7.4164
0.0764,0.9776,32.3427,0.1619,0.3093,53.8856
0.0741,0.9700,41.4685,0.1602,0.4531,19.1280
0.0583,0.9778,34.4492,0.1887,0.2970,34.6671
0.0740,0.9697,45.1345,0.1637,0.1778,40.8163
0.0719,0.9701,41.3475,0.1752,0.2157,48.6900
0.0579,0.9794,43.4129,0.1931,0.3752,21.6650
0.0660,0.9788,32.3881,0.1834,0.3998,9.6942
0.0844,0.9622,48.9488,0.1771,0.2657,36.7617
0.0729,0.9718,46.7654,0.1862,0.3812,37.1455
0.0546,0.9843,29.1382,0.1844,0.4183,17.7972
0.0602,0.9617,49.6610,0.1767,0.3799,36.8909
0.0762,0.9684,33.9414,0.1557,0.2706,46.0675
0.0727,0.9799,38.9525,0.1725,0.3207,44.6240
0.0767,0.9766,43.1276,0.1641,0.3159,17.2487
0.0662,0.9618,51.8860,0.1648,0.2742,55.7776
0.0602,0.9747,36.9158,0.1954,0.4315,50.3094
0.0745,0.9802,35.3639,0.1552,0.4414,28.0654
0.0732,0.9656,55.4273,0.1763,0.4111,22.1587
0.0640,0.9752,29.2515,0.1803,0.3701,58.2313
0.0608,0.9841,34.4492,0.1730,0.5274,10.2860
0.0593,0.9730,36.9321,0.1943,0.4581,55.3700
0.0497,0.9782,37.9705,0.1714,0.2928,22.2980
0.0720,0.9742,52.0750,0.1792,0.2400,29.2918
0.0589,0.9772,35.2994,0.1836,0.3218,45.3666
0.0648,0.9763,33.6708,0.1837,0.4405,53.7234
0.0792,0.9499,48.6669,0.1308,0.1993,53.3560
0.0658,0.9661,38.3347,0.1904,0.3818,11.9760
0.0617,0.9723,36.3513,0.1522,0.3113,41.6402
0.0777,0.9671,34.2690,0.1619,0.2126,51.0223
0.0737,0.9633,42.1989,0.1612,0.3512,29.6781
0.0694,0.9676,45.2226,0.1501,0.3244,21.7429
0.0796,0.9770,40.6025,0.1723,0.3548,26.5163
0.0671,0.9784,36.6010,0.1673,0.4370,58.4217
0.0665,0.9781,34.2284,0.1892,0.4932,51.6651
0.0616,0.9741,38.8483,0.1905,0.3782,17.7028
0.0603,0.9788,36.4494,0.1919,0.4134,34.5357
0.0715,0.9659,46.9013,0.1867,0.2482,3.4176
0.0583,0.9821,40.5500,0.1800,0.3927,19.9458
0.0905,0.9537,46.1733,0.1678,0.0976,58.9757
0.0654,0.9653,41.6903,0.1771,0.2386,22.5158
0.0697,0.9659,45.1765,0.1762,0.2552,14.9820
0.0784,0.9752,24.4879,0.1462,0.4160,46.7217
0.0599,0.9763,40.6578,0.1673,0.2797,33.8625
0.0774,0.9564,41.5886,0.1439,0.0794,46.5043
0.0533,0.9839,28.5450,0.1605,0.4644,40.7893
0.0639,0.9681,42.2338,0.1841,0.3037,48.0069
0.0820,0.9686,40.7710,0.1737,0.3153,58.2759
0.0571,0.9811,34.6194,0.1956,0.3968,23.8149
0.0734,0.9744,39.4319,0.1631,0.2416,41.2706
0.0605,0.9714,37.4814,0.1788,0.1950,47.6750
0.0657,0.9798,37.1419,0.1422,0.3598,55.6514
0.0650,0.9770,41.0968,0.1694,0.3494,19.1954
0.0477,0.9859,30.2159,0.1871,0.5776,26.5611
0.0624,0.9810,26.4283,0.1726,0.4176,21.5529
0.0811,0.9745,31.5087,0.1401,0.4256,51.6442
0.0655,0.9652,44.3932,0.1753,0.2892,25.6634
0.0573,0.9672,52.0295,0.1608,0.3304,12.2336
0.0702,0.9764,33.2007,0.1522,0.5284,25.4961
0.0606,0.9643,42.6685,0.1715,0.2558,43.3223
0.0700,0.9784,30.3545,0.1759,0.3334,26.9251
0.0504,0.9781,30.2496,0.1864,0.5096,0.1420
0.0638,0.9693,50.7952,0.1674,0.4335,29.8913
0.0563,0.9752,39.9032,0.1966,0.4004,28.2568
0.0760,0.9683,41.6565,0.1643,0.2746,53.8461
0.0792,0.9603,47.7624,0.1808,0.3024,36.0208
0.0753,0.9624,52.0975,0.1768,0.2744,17.6788
0.0680,0.9591,44.2784,0.1645,0.3494,34.9683
0.0515,0.9798,38.7483,0.1780,0.4331,4.5129
0.0732,0.9716,36.0917,0.1691,0.3457,54.9510
0.0653,0.9757,38.3127,0.1775,0.2957,28.6453
0.0636,0.9807,32.8993,0.1793,0.4750,32.7920
0.0738,0.9754,46.3341,0.1967,0.2973,48.7612
0.0645,0.9686,41.8678,0.1899,0.3199,47.8782
0.0457,0.9790,25.0059,0.1961,0.4309,21.6712
0.0647,0.9806,39.0399,0.1828,0.3887,26.9811
0.0558,0.9716,35.7603,0.1561,0.4692,36.5427
0.0496,0.9776,33.7711,0.1768,0.3960,53.8498
0.0571,0.9665,45.7514,0.1938,0.2618,25.6503
0.0490,0.9806,30.6489,0.1957,0.4568,17.1599
0.0544,0.9791,23.4689,0.1945,0.5671,31.9325
0.0541,0.9841,30.7719,0.1840,0.4851,32.2561
0.0566,0.9770,29.8727,0.1566,0.3298,56.9757
0.0728,0.9716,33.9655,0.1804,0.2806,52.9413
0.0510,0.9812,35.1527,0.1959,0.4128,56.9372
0.0523,0.9729,45.5476,0.1867,0.3530,16.1121
0.0902,0.9627,31.7977,0.1561,0.2638,56.0882
0.0571,0.9695,45.1383,0.1768,0.3561,29.6321
0.0692,0.9825,32.4711,0.1691,0.2328,27.1880
0.0654,0.9736,35.1824,0.1731,0.4054,35.6757
0.0677,0.9637,41.7972,0.1382,0.3620,40.7950
0.0684,0.9698,43.1619,0.1538,0.3176,43.7147
0.0752,0.9816,31.0004,0.1445,0.3516,20.5002
0.0550,0.9713,38.4415,0.1701,0.4718,6.4425
0.0557,0.9820,34.4660,0.2056,0.4313,20.5584
0.0649,0.9771,41.3038,0.1794,0.4245,11.1230
0.0676,0.9830,31.6583,0.1705,0.4050,9.5436
0.0477,0.9808,31.7772,0.1952,0.4382,43.3280
0.0627,0.9755,43.6173,0.1641,0.2804,11.1092
0.0705,0.9746,46.5569,0.1814,0.3747,35.8584
0.0662,0.9654,38.0963,0.1903,0.3144,45.5178
0.0461,0.9759,39.3472,0.1732,0.4269,24.1987
0.0686,0.9691,40.2518,0.1732,0.1858,43.7426
0.0655,0.9742,34.7252,0.1868,0.3551,18.7943
0.0728,0.9611,48.1614,0.1524,0.2524,40.1713
0.0537,0.9761,35.7266,0.1910,0.3692,55.6485
0.0747,0.9706,38.8813,0.1951,0.3529,43.6438
0.0674,0.9835,29.7723,0.1680,0.4075,37.5660
0.0754,0.9711,36.5445,0.1692,0.4028,20.0337
0.0753,0.9737,34.3609,0.1784,0.2072,41.0520
0.0636,0.9753,32.9163,0.1797,0.2774,19.7910
0.0638,0.9627,41.1266,0.1588,0.3775,5.6408
0.0593,0.9830,33.6957,0.1770,0.5973,35.3160
0.0733,0.9678,38.9764,0.1762,0.2534,54.0529
0.0617,0.9786,37.1231,0.1876,0.3501,47.3998
0.0695,0.9788,41.3052,0.2034,0.2550,53.9532
0.0772,0.9675,41.2868,0.1693,0.2914,20.6549
0.0706,0.9778,38.7665,0.1674,0.3203,15.6590
0.0535,0.9735,45.2720,0.1834,0.2714,3.2675
0.0742,0.9703,39.5813,0.1805,0.2763,20.9941
0.0645,0.9784,30.4571,0.1907,0.4306,19.3607
0.0560,0.9782,27.4373,0.1892,0.4050,21.8437
0.0529,0.9755,51.0257,0.1666,0.4584,16.7348
0.0650,0.9836,24.1586,0.1833,0.3171,22.9405
0.0592,0.9552,35.1326,0.1578,0.3386,40.0374
0.0662,0.9738,41.8847,0.1786,0.3050,39.7195
0.0596,0.9756,28.5409,0.1592,0.2846,52.6947
0.0788,0.9733,43.3592,0.1773,0.1210,54.9296
0.0689,0.9648,40.5335,0.1450,0.3799,39.2501
0.0687,0.9767,45.5035,0.1891,0.3504,58.3327
0.0463,0.9800,36.5892,0.1704,0.5762,17.2183
0.0602,0.9777,28.4211,0.1592,0.3512,59.8238
0.0572,0.9804,28.2014,0.1661,0.4048,16.2944
0.0780,0.9620,37.6202,0.1601,0.2407,29.1623
0.0571,0.9762,35.5049,0.1709,0.4107,20.0907
0.0758,0.9559,48.5753,0.1483,0.2482,37.1085
0.0821,0.9677,37.2493,0.1813,0.2555,54.9779
0.0686,0.9759,40.8639,0.1935,0.4379,19.6215
0.0705,0.9628,39.3121,0.1785,0.3753,38.3556
0.0741,0.9624,51.0193,0.1738,0.2104,32.1476
0.0701,0.9663,54.6546,0.1986,0.4089,34.8159
0.0634,0.9798,34.0929,0.1724,0.3741,36.4774
0.0600,0.9781,37.0904,0.1866,0.4090,15.7415
0.0880,0.9745,41.7798,0.1644,0.1756,49.7410
0.0633,0.9704,50.3302,0.1664,0.3509,25.1230
0.0626,0.9788,39.6632,0.1921,0.3320,55.6185
0.0550,0.9740,35.3321,0.1674,0.4446,57.7811
0.0852,0.9659,37.8420,0.1419,0.1863,51.2026
0.0571,0.9765,38.3370,0.1717,0.4480,15.0370
0.0787,0.9681,49.0585,0.1813,0.1578,53.2401
0.0832,0.9557,55.6759,0.1418,0.1446,38.6292
0.0590,0.9687,42.4860,0.1845,0.2797,26.6599
0.0508,0.9816,37.8668,0.2101,0.4136,20.8846
0.0519,0.9744,36.0640,0.1826,0.3877,21.5454
0.0832,0.9494,46.1863,0.1649,0.2562,48.3075
0.0596,0.9705,42.3299,0.1659,0.2146,37.0602
0.0676,0.9636,32.9135,0.1712,0.0732,52.9658
0.0691,0.9747,38.9521,0.1891,0.3819,5.5616
0.0779,0.9674,38.5467,0.1632,0.3538,27.2625
0.0682,0.9739,34.7307,0.1804,0.5046,46.2286
0.0612,0.9715,32.0519,0.1449,0.2740,20.2564
0.0638,0.9811,30.6337,0.1558,0.3710,58.5393
0.0689,0.9737,38.5358,0.1666,0.3444,5.2952
0.0674,0.9693,43.7045,0.1906,0.3069,44.7967
0.0444,0.9778,26.1124,0.1987,0.4387,48.2011
0.0588,0.9757,37.2561,0.1532,0.2845,38.4007
0.0626,0.9794,28.6672,0.1638,0.3199,36.5259
0.0676,0.9732,37.3849,0.1568,0.2637,48.3759
0.0711,0.9717,42.8653,0.1739,0.2631,45.4219
0.0653,0.9720,45.7132,0.1770,0.3722,51.4138
0.0723,0.9749,35.2251,0.1790,0.2954,33.2522
0.0739,0.9809,30.7613,0.1660,0.4161,33.0664
0.0814,0.9592,48.8043,0.1588,0.1570,50.6524
0.0747,0.9680,49.5282,0.1767,0.2188,24.7598
0.0602,0.9756,38.7457,0.1961,0.2366,34.5739
0.0449,0.9808,27.1931,0.1830,0.5730,45.7740
0.0483,0.9781,37.7000,0.1986,0.4165,44.5266
0.0591,0.9814,30.7129,0.1822,0.3886,31.6939
0.0737,0.9723,33.8166,0.1653,0.2933,30.2205
0.0715,0.9704,37.0212,0.1690,0.3656,42.9272
0.0631,0.9696,42.9177,0.1498,0.3056,58.4809
0.0609,0.9826,31.4164,0.1597,0.5696,17.0290
0.0692,0.9729,39.0374,0.1552,0.4442,45.0931
0.0830,0.9705,39.4304,0.1481,0.3851,39.7179
0.0605,0.9719,41.4114,0.1764,0.4346,39.7448
0.0552,0.9816,28.2324,0.1816,0.4372,42.0313
0.0634,0.9780,28.7609,0.1887,0.4028,0.9866
0.0727,0.9638,36.8516,0.1755,0.1740,43.8085
0.0646,0.9845,38.9938,0.1792,0.4746,16.2244
0.0535,0.9708,38.7992,0.1622,0.3695,47.2495
0.0662,0.9710,30.4879,0.1804,0.4504,53.3757
0.0771,0.9767,44.2832,0.1573,0.3667,31.0045
0.0851,0.9662,33.5083,0.1617,0.3596,49.7076
0.0555,0.9754,30.5432,0.1695,0.4540,20.0799
0.0567,0.9808,36.2323,0.1868,0.4268,10.3831
0.0564,0.9795,37.7093,0.1913,0.4450,33.7027
0.0580,0.9818,32.9064,0.1851,0.3392,55.5251
0.0569,0.9737,36.7062,0.1806,0.3626,50.8156
0.0766,0.9651,34.5018,0.1619,0.3539,38.0045
0.0818,0.9666,56.4145,0.1741,0.2107,19.9961
0.0450,0.9801,44.4649,0.1723,0.5026,24.2048
0.0621,0.9589,51.3045,0.1652,0.3855,33.6050
0.0696,0.9677,37.3873,0.1637,0.2937,19.6041
0.0770,0.9645,39.4175,0.1622,0.3579,44.2143
0.0543,0.9781,31.1657,0.1678,0.5348,50.8033
0.0704,0.9697,37.9004,0.1664,0.2332,57.8715
0.0665,0.9796,32.1427,0.1468,0.4224,54.9413
0.0606,0.9811,31.6710,0.1777,0.3945,51.9287
0.0615,0.9754,37.4385,0.1721,0.2720,25.6920
0.0744,0.9682,34.0042,0.1834,0.2973,34.3520
0.0855,0.9645,46.7075,0.1753,0.1646,21.8069
0.0694,0.9678,37.9566,0.1981,0.3762,56.9970
0.0598,0.9763,33.9802,0.1595,0.3561,5.0641
0.0453,0.9752,31.1865,0.1563,0.4667,43.0653
0.0599,0.9722,44.1181,0.1889,0.3920,59.5014
0.0674,0.9789,37.2946,0.1676,0.4050,26.9128
0.0516,0.9828,31.4691,0.1910,0.4780,6.1275
0.0708,0.9731,38.5485,0.1655,0.2758,16.1544
0.0745,0.9698,46.6630,0.1712,0.2658,51.5956
0.0724,0.9735,36.4349,0.1863,0.2293,50.1131
0.0503,0.9778,41.5421,0.1514,0.5635,13.1112
0.0651,0.9697,38.5153,0.1938,0.4254,39.9501
0.0582,0.9755,38.7194,0.1848,0.4822,14.7249
0.0610,0.9714,30.7351,0.1976,0.3768,58.0981
0.0892,0.9502,35.7802,0.1885,0.2043,58.0533
0.0670,0.9617,45.0050,0.1663,0.3627,32.3807
0.0555,0.9724,39.0585,0.2022,0.3723,48.2709
0.0765,0.9654,38.2921,0.1623,0.2827,41.7432
0.0746,0.9818,30.8041,0.1536,0.3765,56.1198
0.0749,0.9699,39.2436,0.1552,0.3150,10.3516
0.0679,0.9804,30.4081,0.1736,0.4026,18.2612
0.0610,0.9871,29.4691,0.1757,0.5546,15.7248
0.0645,0.9750,36.5596,0.2052,0.4276,32.3726
0.0566,0.9789,34.7853,0.1852,0.4118,16.1257
0.0581,0.9789,40.0336,0.1627,0.4740,34.8290
0.0601,0.9716,36.4824,0.1643,0.2861,30.6136
0.0611,0.9763,35.8506,0.1765,0.5180,33.4007
0.0628,0.9862,35.5131,0.1781,0.5330,36.4619
0.0820,0.9754,34.2088,0.1633,0.2709,55.8894
0.0599,0.9690,48.4060,0.1860,0.3524,36.8721
0.0495,0.9843,32.9488,0.1779,0.5088,23.8133
0.0782,0.9682,38.5001,0.1983,0.2166,37.3744
0.0506,0.9796,26.8406,0.1928,0.3253,55.4472
0.0663,0.9683,40.8265,0.1757,0.4472,7.8571
0.0784,0.9673,36.6383,0.1497,0.2431,52.1966
0.0575,0.9690,38.3539,0.1696,0.3692,33.0223
0.0443,0.9745,42.3979,0.1946,0.4841,41.9593
0.0694,0.9711,38.4954,0.1657,0.2158,43.5437
0.0395,0.9792,32.8409,0.1786,0.5293,32.6716
0.0554,0.9804,38.5963,0.1805,0.4187,25.9076
0.0601,0.9719,45.9517,0.1784,0.4138,37.2374
0.0557,0.9739,36.9139,0.1852,0.2180,36.7657
0.0751,0.9805,32.9297,0.1892,0.4328,15.2011
0.0549,0.9754,41.7411,0.1729,0.2612,58.3689
0.0482,0.9792,32.1202,0.1729,0.5338,9.9592
0.0587,0.9768,39.8826,0.1922,0.3859,14.4884
0.0696,0.9671,41.8182,0.1958,0.4130,15.2091
0.0731,0.9670,31.9843,0.1847,0.1592,39.2566
0.0891,0.9631,43.2106,0.1461,0.2008,34.5159
0.0713,0.9682,44.4320,0.1689,0.2244,41.8914
0.0542,0.9768,34.0540,0.1903,0.4071,42.1898
0.0578,0.9841,30.8878,0.1752,0.5925,50.3856
0.0897,0.9471,34.2800,0.1613,0.2108,49.5625
0.0670,0.9735,28.5707,0.1715,0.4017,46.3716
0.0492,0.9819,30.8976,0.2111,0.5322,55.2725
0.0666,0.9670,48.1061,0.1715,0.2694,34.9528
0.0586,0.9758,40.0575,0.1536,0.4675,20.3770
0.0643,0.9829,31.2667,0.1765,0.5459,1.0280
0.0699,0.9683,38.1268,0.1571,0.3075,44.6372
0.0628,0.9740,39.0484,0.1898,0.4338,17.1456
0.0518,0.9743,46.6907,0.1881,0.4369,5.0841
0.0867,0.9703,38.7481,0.1524,0.2849,26.3783
0.0634,0.9766,34.6824,0.1728,0.3723,22.3806
0.0735,0.9574,47.2093,0.1461,0.2043,53.5926
0.0775,0.9597,40.5929,0.1458,0.1962,26.3616
0.0719,0.9803,32.7266,0.1628,0.3885,4.6334
0.0511,0.9750,39.0160,0.1991,0.4314,27.1093
0.0656,0.9704,45.5198,0.1666,0.1659,25.1580
0.0613,0.9722,36.7210,0.1696,0.3146,51.0990
0.0739,0.9694,34.6843,0.1587,0.2942,23.3313
0.0630,0.9740,28.6791,0.1630,0.3803,57.9532
0.0506,0.9837,33.9731,0.1773,0.4853,15.5356
0.0695,0.9742,41.3805,0.1658,0.3286,43.0155
0.0828,0.9704,41.1001,0.1897,0.3417,43.1090
0.0696,0.9715,35.2977,0.1540,0.2884,57.9362
0.0726,0.9693,32.2206,0.1758,0.3653,26.5998
0.0627,0.9760,44.4611,0.1719,0.2987,23.6707
0.0819,0.9623,47.8540,0.1676,0.2501,35.7252
0.0542,0.9730,34.9292,0.1993,0.3947,35.3581
0.0733,0.9738,35.7704,0.1666,0.2647,39.6676
0.0593,0.9726,49.2123,0.1863,0.2588,29.2488
0.0673,0.9832,27.1834,0.1626,0.5566,33.0457
0.0699,0.9786,32.5973,0.1662,0.4212,26.7346
0.0807,0.9734,35.0395,0.1770,0.3482,43.8953
0.0621,0.9749,27.0285,0.1905,0.4032,27.6194
0.0589,0.9718,46.2900,0.1770,0.3743,14.7279
0.0776,0.9729,39.4895,0.1707,0.1876,53.1664
0.0633,0.9746,43.9218,0.2071,0.4410,38.4691
0.0689,0.9770,38.3081,0.1983,0.3061,52.8398
0.0594,0.9752,34.0884,0.1592,0.3970,12.0676
0.0890,0.9698,37.8215,0.1565,0.2354,36.5748
0.0646,0.9801,30.0798,0.1520,0.3516,17.9085
0.0762,0.9583,49.8199,0.1529,0.2039,37.4598
0.0671,0.9807,30.4953,0.1895,0.4356,24.7211
0.0802,0.9692,35.8811,0.1637,0.2838,59.5894
0.0733,0.9705,37.5140,0.1656,0.2309,21.2808
0.0623,0.9670,44.5458,0.1928,0.3843,27.5814
0.0662,0.9782,39.5364,0.1926,0.3995,20.5445
0.0415,0.9809,28.8777,0.1947,0.4466,50.3550
0.0459,0.9854,29.3896,0.1942,0.4663,44.2606
0.0755,0.9808,35.0275,0.1646,0.4629,56.2071
0.0611,0.9776,38.7712,0.1919,0.3589,5.9665
0.0820,0.9640,49.7698,0.1629,0.2395,21.4506
0.0652,0.9685,54.6591,0.1836,0.3357,21.2539
0.0431,0.9812,31.1245,0.2002,0.4918,40.0621
0.0696,0.9572,39.8921,0.1879,0.2092,57.5830
0.0738,0.9776,31.0585,0.1626,0.2725,46.1246
0.0839,0.9715,33.5536,0.1872,0.2578,56.8505
0.0605,0.9648,38.0226,0.1639,0.3084,28.2625
0.0694,0.9745,40.6793,0.2034,0.3766,17.0582
0.0642,0.9787,29.1287,0.1738,0.4533,2.7332
0.0567,0.9802,38.7678,0.1913,0.2755,45.0816
0.0597,0.9684,45.7692,0.1978,0.3110,41.2694
0.0534,0.9750,31.7639,0.1627,0.4717,51.0523
0.0761,0.9751,31.1608,0.1700,0.3058,33.8758
0.0837,0.9643,42.8846,0.1449,0.0299,41.7564
0.0836,0.9723,38.9891,0.1803,0.2432,52.2088
0.0693,0.9662,45.9261,0.1707,0.3138,34.8879
0.0631,0.9713,35.5839,0.1545,0.3773,37.1596
0.0701,0.9697,44.6663,0.1780,0.2693,4.3423
0.0516,0.9752,36.2438,0.1890,0.2627,44.4771
0.0874,0.9644,39.2434,0.1584,0.0355,36.3390
0.0530,0.9791,28.7054,0.1773,0.5023,4.5884
0.0573,0.9754,35.8241,0.1804,0.2968,29.7002
0.0594,0.9759,32.4734,0.1622,0.2345,24.9947
0.0478,0.9775,31.7299,0.1583,0.4615,19.7506
0.0694,0.9695,43.2493,0.1512,0.2078,47.6679
0.0763,0.9733,38.5724,0.1803,0.3580,53.1179
0.0739,0.9717,43.1807,0.1470,0.4182,56.9066
0.0635,0.9652,38.5063,0.1507,0.2152,23.3156
0.0709,0.9800,28.4677,0.1692,0.4658,43.4294
0.0643,0.9761,30.1920,0.1762,0.3636,34.4977
0.0807,0.9712,41.5383,0.1715,0.2388,32.0407
0.0696,0.9688,39.2681,0.1565,0.2627,48.1240
0.0775,0.9784,32.1778,0.1667,0.4810,48.6150
0.0587,0.9820,37.5286,0.1710,0.3780,59.5001
0.0758,0.9721,39.3540,0.1735,0.3429,34.9445
0.0821,0.9594,33.3313,0.1449,0.2000,42.6841
0.0573,0.9714,41.2860,0.1633,0.4555,48.4926
0.0647,0.9734,37.8646,0.1991,0.2159,55.3479
0.0698,0.9649,39.5730,0.2005,0.2329,38.8012
0.0734,0.9740,35.9032,0.1587,0.2194,25.9802
0.0709,0.9680,40.3124,0.1656,0.3350,35.7405
0.0623,0.9693,35.6533,0.1811,0.3414,58.7411
0.0627,0.9759,41.7544,0.1714,0.3462,27.0170
0.0534,0.9797,38.6310,0.2007,0.3348,17.5609
0.0594,0.9763,36.7992,0.1895,0.3576,40.9834
0.0624,0.9781,31.5067,0.1809,0.4533,38.1695
0.0647,0.9751,40.9391,0.1783,0.4080,14.7181
0.0562,0.9726,31.5201,0.1793,0.2969,52.9211
0.0680,0.9745,36.3436,0.1880,0.3451,16.3386
0.0567,0.9803,35.1382,0.1768,0.3993,12.2773
0.0665,0.9750,39.2378,0.1770,0.3856,29.8975
0.0764,0.9570,44.5664,0.1683,0.2442,39.3135
0.0605,0.9809,32.7175,0.1775,0.3478,52.8757
0.0521,0.9785,33.7364,0.1842,0.4133,22.9439
0.0649,0.9758,31.3924,0.1648,0.3905,27.6050
0.0778,0.9702,41.5493,0.1827,0.2840,35.8928
0.0665,0.9651,53.5836,0.1734,0.1552,37.4318
0.0825,0.9706,39.5023,0.1943,0.3314,1.5838
0.0533,0.9776,36.6251,0.1674,0.2613,57.0883
0.0675,0.9755,42.0817,0.2066,0.2246,57.5716
0.0491,0.9798,31.5383,0.1695,0.4607,42.4006
0.0469,0.9810,35.3429,0.1804,0.5864,0.6515
0.0591,0.9839,32.5960,0.1806,0.4747,22.7702
0.0715,0.9799,31.1655,0.1549,0.3856,22.3843
0.0724,0.9748,39.0669,0.1912,0.2444,29.0684
0.0826,0.9742,37.4324,0.1700,0.3003,37.7815
0.0545,0.9803,34.9186,0.1978,0.4463,2.4192
0.0597,0.9746,30.6122,0.1582,0.4343,13.5026
0.0752,0.9597,44.9257,0.1539,0.3440,39.8756
0.0849,0.9637,42.0326,0.1558,0.1172,45.2115
0.0680,0.9714,40.1334,0.1823,0.3968,17.7440
0.0734,0.9658,44.5505,0.1823,0.1889,49.5337
0.0532,0.9802,29.7881,0.1807,0.4212,44.6302
0.0694,0.9786,37.5024,0.2119,0.4086,24.9713
0.0725,0.9670,38.1162,0.1583,0.3890,19.2803
0.0711,0.9783,33.6625,0.1607,0.5094,54.1383
0.0770,0.9771,35.2658,0.1746,0.2048,56.2206
0.0610,0.9745,34.0386,0.1386,0.3827,31.6691
0.0475,0.9783,30.9948,0.1797,0.4976,20.5794
0.0593,0.9689,35.2354,0.1823,0.3412,57.1148
0.0696,0.9728,32.3572,0.1865,0.3506,5.8475
0.0532,0.9806,40.2652,0.1794,0.5048,11.7751
0.0788,0.9764,30.9632,0.1719,0.4027,21.6188
0.0544,0.9692,42.3317,0.1795,0.4680,39.7473
0.0573,0.9728,41.4432,0.2127,0.3682,57.1313
0.0804,0.9645,43.0909,0.1393,0.2027,46.0738
0.0505,0.9823,36.5990,0.1948,0.5047,16.4859
0.0680,0.9611,41.5997,0.1939,0.3038,50.1321
0.0546,0.9783,33.9662,0.1659,0.4729,39.1593
0.0782,0.9762,33.2458,0.1554,0.4189,47.2050
0.0672,0.9712,31.6695,0.1704,0.3379,17.4481
0.0653,0.9735,38.0414,0.1784,0.4298,26.4944
0.0764,0.9560,36.1530,0.1507,0.2565,53.7152
0.0564,0.9789,30.9390,0.1737,0.5538,34.8855
0.0537,0.9786,39.5301,0.1995,0.5074,35.8884
0.0721,0.9700,31.0386,0.1617,0.3261,5.4500
0.0718,0.9711,34.9730,0.1642,0.4155,43.3540
0.0625,0.9803,38.6913,0.1677,0.3824,23.0281
0.0744,0.9675,37.3899,0.1694,0.2582,26.1498
0.0498,0.9808,24.2918,0.2144,0.4191,27.2189
0.0634,0.9754,45.1037,0.1866,0.4363,23.1086
0.0748,0.9684,38.8651,0.1754,0.2711,13.3589
0.0719,0.9777,31.3648,0.1637,0.2766,36.8672
0.0792,0.9744,33.3541,0.1799,0.3202,23.3992
0.0624,0.9680,54.2780,0.2001,0.4517,43.8340
0.0681,0.9695,35.8347,0.1474,0.2132,37.4462
0.0780,0.9713,38.4041,0.1753,0.3315,35.8030
0.0626,0.9655,41.2489,0.1856,0.2882,25.0152
0.0670,0.9717,41.8696,0.1622,0.4753,50.0825
0.0473,0.9824,33.8947,0.2038,0.5187,57.7832
0.0670,0.9758,50.0301,0.1907,0.2924,31.1431
0.0710,0.9655,33.0769,0.1715,0.3389,7.4734
0.0688,0.9755,29.3352,0.1595,0.2782,59.3081
0.0617,0.9664,43.8760,0.1890,0.4060,50.6160
0.0705,0.9722,34.5392,0.1780,0.3166,0.5225
0.0588,0.9695,57.1740,0.1678,0.3710,30.8854
0.0611,0.9744,41.1349,0.1833,0.4364,6.2428
0.0619,0.9831,27.1005,0.1810,0.4434,18.8161
0.0618,0.9724,38.7128,0.1988,0.3128,36.5147
0.0682,0.9725,38.2556,0.1877,0.2929,37.8476
0.0777,0.9572,39.2773,0.1613,0.3235,56.6790
0.0730,0.9712,42.6726,0.1800,0.3210,37.9784
0.0789,0.9696,40.4260,0.1783,0.0972,28.5853
0.0731,0.9729,41.1431,0.1797,0.2881,41.8225
0.0849,0.9664,45.5594,0.1635,0.0512,36.4569
0.0681,0.9658,30.9603,0.1758,0.3297,45.5213
0.0630,0.9768,34.5671,0.1996,0.3377,37.5301
0.0636,0.9790,32.4459,0.1521,0.4636,42.0734
0.0669,0.9782,25.7541,0.1853,0.3764,56.6851
0.0732,0.9668,42.0239,0.1417,0.0967,58.0197
0.0726,0.9728,35.1037,0.1460,0.3463,27.1695
0.0582,0.9786,47.9070,0.2092,0.3891,35.1221
0.0716,0.9730,30.8952,0.1570,0.3511,56.4178
0.0752,0.9724,43.2799,0.1650,0.4565,57.4841
0.0636,0.9742,30.5849,0.1765,0.4244,36.9553
0.0811,0.9588,55.3079,0.1486,0.2841,39.5124
0.0543,0.9749,35.3390,0.1684,0.4032,23.5426
0.0724,0.9614,41.6335,0.1691,0.3606,44.9280
0.0782,0.9687,42.7477,0.1615,0.2025,34.7646
0.0508,0.9785,26.8596,0.1837,0.3381,34.9127
0.0658,0.9715,31.3294,0.1494,0.3428,50.2316
0.0776,0.9639,41.0206,0.1660,0.2957,39.6577
0.0777,0.9730,37.2710,0.1475,0.3939,35.7755
0.0633,0.9724,31.9752,0.1751,0.3340,42.7865
0.0760,0.9758,40.6422,0.1943,0.2549,20.4243
0.0521,0.9653,56.4158,0.1942,0.4268,35.3382
0.0728,0.9745,37.0024,0.1616,0.3723,36.2700
0.0607,0.9720,34.8537,0.1824,0.2705,41.5033
0.0747,0.9673,42.6336,0.1518,0.2853,32.2647
0.0651,0.9747,39.7727,0.1904,0.2720,57.6705
0.0602,0.9699,34.4330,0.1442,0.2528,53.0318
0.0689,0.9706,34.4304,0.1393,0.0543,48.5297
0.0799,0.9745,37.0118,0.1769,0.3301,57.4672
0.0511,0.9760,33.7533,0.1716,0.5362,25.8988
0.0751,0.9670,52.4253,0.1815,0.4643,50.5872
0.0762,0.9689,34.4317,0.1486,0.2770,19.8715
0.0667,0.9745,35.9259,0.1782,0.3994,13.8113
0.0631,0.9692,48.7443,0.1957,0.3585,20.7898
0.0674,0.9771,38.7656,0.1724,0.4355,48.9929
0.0585,0.9733,46.1876,0.1860,0.3955,58.4814
0.0613,0.9799,36.1895,0.2049,0.4152,8.2533
0.0805,0.9684,39.7401,0.1625,0.1655,51.2702
0.0641,0.9729,33.0447,0.1743,0.3806,27.7592
0.0496,0.9822,31.7211,0.1694,0.5458,15.2243
0.0668,0.9752,25.2274,0.1637,0.4362,42.7418
0.0670,0.9689,46.8964,0.1772,0.2555,40.7060
0.0693,0.9732,28.5863,0.1564,0.3355,29.5161
0.0550,0.9822,28.6385,0.1822,0.4727,45.1238
0.0788,0.9671,56.3673,0.1695,0.3344,18.0534
0.0761,0.9741,35.4241,0.1697,0.2450,41.4706
0.0837,0.9699,38.9493,0.1739,0.3627,12.4476
0.0610,0.9640,54.9997,0.2009,0.4068,20.5763
0.0622,0.9721,34.4272,0.1612,0.4177,32.9550
0.0747,0.9656,38.8143,0.1857,0.3638,43.8953
0.0623,0.9674,42.8224,0.1487,0.1915,33.1427
0.0756,0.9664,42.5414,0.1583,0.2858,43.0666
0.0746,0.9736,30.0263,0.1664,0.1310,55.7637
0.0746,0.9767,29.2037,0.1805,0.4031,46.7639
0.0781,0.9665,34.3387,0.1807,0.2637,25.6274
0.0705,0.9721,35.8630,0.1811,0.2894,10.8366
0.0601,0.9617,54.7966,0.1716,0.3000,44.7669
0.0470,0.9707,34.8056,0.1820,0.4499,22.5942
0.0640,0.9750,32.6260,0.1725,0.3374,49.3200
0.0587,0.9711,38.6935,0.1568,0.3498,27.3058
0.0646,0.9593,51.5130,0.1657,0.4606,59.9574
0.0733,0.9721,33.8173,0.1930,0.3573,26.7161
0.0643,0.9565,53.9920,0.1472,0.2144,39.8646
0.0498,0.9787,36.4384,0.2128,0.3789,32.9057
0.0729,0.9666,42.4004,0.1607,0.2591,54.9571
0.0708,0.9635,55.1100,0.1837,0.3462,45.6433
0.0940,0.9708,40.4937,0.1712,0.3200,19.8900
0.0586,0.9632,48.3626,0.1835,0.3166,44.8764
0.0717,0.9800,27.4680,0.1688,0.4418,49.9232
0.0581,0.9822,39.1581,0.1719,0.5100,10.5657
0.0576,0.9760,33.4288,0.1695,0.3965,24.3452
0.0469,0.9778,34.0548,0.1774,0.4684,41.5174
0.0650,0.9645,53.5308,0.1742,0.2233,46.5255
0.0734,0.9739,41.3629,0.1946,0.2675,57.2401
0.0406,0.9779,42.8949,0.1925,0.4547,25.7786
0.0593,0.9751,44.5562,0.1893,0.4288,18.2548
0.0548,0.9725,39.1852,0.1975,0.4217,50.1371
0.0813,0.9775,23.6608,0.1658,0.3643,47.5291
0.0529,0.9860,30.9468,0.1826,0.5769,55.7383
0.0674,0.9779,32.5003,0.1666,0.2480,19.9902
0.0774,0.9796,28.4120,0.1647,0.4067,53.8306
0.0770,0.9636,42.1155,0.1673,0.2417,44.0837
0.0536,0.9799,29.7466,0.1994,0.4615,11.0878
0.0421,0.9826,37.5024,0.1896,0.5421,19.1902
0.0699,0.9743,46.8366,0.1567,0.3708,56.7790
0.0701,0.9842,37.2401,0.1804,0.3636,42.1866
0.0588,0.9774,40.7730,0.1667,0.4045,53.4867
0.0671,0.9708,38.0198,0.1614,0.2629,18.4671
0.0588,0.9739,35.2425,0.1669,0.5679,21.0606
0.0525,0.9792,29.5538,0.1970,0.4322,50.2110
0.0582,0.9719,31.5894,0.1710,0.3149,55.8854
0.0751,0.9706,38.8985,0.1716,0.2757,5.1928
0.0602,0.9779,30.2156,0.1566,0.3029,45.0168
0.0601,0.9818,34.0164,0.1692,0.4867,53.6276
0.0638,0.9756,38.8071,0.2050,0.3215,23.1063
0.0616,0.9751,33.4217,0.1598,0.4149,41.1387
0.0803,0.9615,46.0098,0.1608,0.2165,26.3933
0.0678,0.9795,34.5541,0.1693,0.3297,57.5067
0.0692,0.9624,36.4353,0.1466,0.2285,28.1002
0.0767,0.9565,50.7923,0.1644,0.1744,57.0865
0.0763,0.9763,38.8456,0.1714,0.2461,22.3692
0.0503,0.9754,41.3511,0.1813,0.5060,20.6228
0.0749,0.9723,34.5626,0.1640,0.2952,16.0044
0.0768,0.9682,39.9544,0.1635,0.3018,37.1267
0.0749,0.9761,38.3465,0.1512,0.3110,5.4925
0.0720,0.9821,37.5313,0.1784,0.4750,4.1971
0.0743,0.9786,37.3770,0.1685,0.4029,13.6358
0.0601,0.9727,29.2554,0.1802,0.3206,55.5678
0.0450,0.9846,32.6840,0.1623,0.6980,54.0856
0.0748,0.9673,41.1832,0.1805,0.1543,50.4398
0.0782,0.9663,45.0869,0.1677,0.2567,17.0371
0.0531,0.9791,32.8280,0.1925,0.4203,22.5868
0.0747,0.9643,47.3242,0.1602,0.2089,28.4620
0.0561,0.9719,37.6718,0.1997,0.3093,55.6180
0.0649,0.9796,33.7265,0.1837,0.4539,23.8616
0.0517,0.9733,31.1508,0.1493,0.4166,50.2875
0.0604,0.9762,43.1836,0.1911,0.4146,25.0833
0.0683,0.9721,34.1039,0.1477,0.3078,55.9581
0.0530,0.9685,43.8621,0.1737,0.3679,26.6262
0.0789,0.9673,47.2392,0.1693,0.3591,21.5958
0.0582,0.9745,27.0757,0.1890,0.3808,35.8982
0.0651,0.9720,36.6022,0.2113,0.3456,40.1298
0.0723,0.9724,37.2444,0.1767,0.3948,35.0166
0.0684,0.9779,33.8898,0.1881,0.4411,27.7431
0.0649,0.9704,42.1564,0.1871,0.4053,22.8884
0.0759,0.9738,35.7614,0.1585,0.2041,52.6150
0.0649,0.9792,37.8708,0.1714,0.3436,15.5147
0.0696,0.9727,43.3405,0.1444,0.4218,59.7496
0.0498,0.9743,30.5829,0.1861,0.4227,50.4456
0.0792,0.9779,35.1281,0.1937,0.3125,35.0152
0.0491,0.9705,42.1542,0.1779,0.3945,31.7599
0.0556,0.9744,45.6698,0.1801,0.4001,41.3953
0.0651,0.9677,46.8012,0.1711,0.2965,8.6980
0.0528,0.9801,38.3650,0.1613,0.5085,47.4228
0.0732,0.9698,39.6084,0.1614,0.2337,57.8621
0.0635,0.9544,37.7438,0.1622,0.2370,21.5345
0.0626,0.9753,30.7133,0.1974,0.2655,51.2119
0.0613,0.9778,35.7479,0.1909,0.4224,30.7095
0.0595,0.9695,38.1862,0.1747,0.2800,46.7088
0.0573,0.9805,32.5574,0.1708,0.4419,7.4605
0.0650,0.9724,32.5760,0.2009,0.3835,11.5360
0.0870,0.9817,36.6197,0.1596,0.3720,17.1585
0.0761,0.9723,35.6221,0.1762,0.3286,23.3457
0.0617,0.9815,34.0158,0.1701,0.3525,54.6122
0.0395,0.9826,30.0030,0.2014,0.5293,33.2109
0.0600,0.9844,37.7933,0.2020,0.5037,21.6392
0.0723,0.9756,33.7491,0.1536,0.2638,54.3234
0.0764,0.9796,33.0543,0.1684,0.3389,46.7519
0.0680,0.9719,34.9716,0.1777,0.1967,55.3671
0.0546,0.9754,43.3924,0.1638,0.3624,33.2477
0.0548,0.9680,39.4554,0.1654,0.3475,57.1110
0.0502,0.9749,36.0575,0.1649,0.4804,28.3439
0.0669,0.9706,36.1127,0.1692,0.2742,35.5966
0.0630,0.9759,37.9577,0.1735,0.4813,52.5675
0.0653,0.9691,48.1682,0.1515,0.3696,47.4125
0.0811,0.9490,48.0978,0.1402,0.2070,34.5855
0.0667,0.9687,33.8608,0.1762,0.3627,43.1922
0.0606,0.9827,29.4139,0.1802,0.4763,51.0195
0.0647,0.9797,37.8920,0.1662,0.4997,10.0264
0.0763,0.9614,51.0762,0.1788,0.2989,50.5753
0.0735,0.9658,37.2618,0.1880,0.2875,53.5937
0.0628,0.9774,38.6039,0.1603,0.4388,27.7128
0.0666,0.9789,32.6079,0.1975,0.4860,15.3217
0.0786,0.9753,44.6146,0.1744,0.3835,33.6918
0.0472,0.9820,31.8515,0.1952,0.4790,20.9997
0.0735,0.9701,40.0058,0.1911,0.1372,34.4060
0.0800,0.9712,41.0790,0.1790,0.3060,4.7002
0.0555,0.9815,27.6010,0.1857,0.4152,57.3131
0.0756,0.9701,36.1498,0.1582,0.4144,24.7364
0.0832,0.9713,45.2174,0.1638,0.2774,52.8535
0.0672,0.9751,44.0092,0.1683,0.3462,48.7003
0.0673,0.9688,43.1583,0.1761,0.2643,32.5310
0.0630,0.9847,23.7968,0.1853,0.4960,19.7148
0.0636,0.9745,36.4660,0.1687,0.2812,23.6865
0.0772,0.9593,37.3318,0.1620,0.1271,55.8732
0.0502,0.9798,35.4364,0.1745,0.4985,40.7540
0.0651,0.9670,36.0732,0.1386,0.1977,42.9728
0.0578,0.9755,29.7237,0.1765,0.4402,53.2096
0.0679,0.9665,43.1804,0.1651,0.3212,18.1371
0.0654,0.9723,42.0240,0.1896,0.3441,41.7171
0.0737,0.9661,52.6436,0.1740,0.2094,34.2636
0.0706,0.9747,29.4566,0.1800,0.3240,55.3958
0.0501,0.9788,37.8736,0.2009,0.4503,4.4245
0.0505,0.9748,41.1374,0.1726,0.4453,24.4265
0.0497,0.9820,33.6632,0.1801,0.4983,43.0485
0.0456,0.9813,34.1297,0.2000,0.5013,18.6803
0.0607,0.9744,33.3172,0.1886,0.4229,35.4357
0.0550,0.9779,26.5373,0.1722,0.4853,50.3454
0.0611,0.9720,30.6438,0.1688,0.4153,15.5206
0.0763,0.9750,30.9181,0.1586,0.4546,16.5240
0.0506,0.9799,30.6215,0.1953,0.4293,29.6749
0.0701,0.9638,55.4325,0.1764,0.2714,38.7247
0.0626,0.9725,45.6369,0.1790,0.4796,56.2493
0.0742,0.9765,38.5994,0.1878,0.3089,17.2872
0.0726,0.9719,40.4219,0.1829,0.3424,45.4727
0.0784,0.9670,32.5814,0.1728,0.2248,59.5796
0.0824,0.9721,40.0471,0.1667,0.2536,36.5801
0.0528,0.9740,32.2544,0.1785,0.3802,20.6853
0.0612,0.9779,35.2174,0.1621,0.3628,10.2727
0.0447,0.9868,30.3717,0.1839,0.4968,18.3062
0.0778,0.9783,34.4191,0.1857,0.3408,54.1668
0.0730,0.9769,41.0638,0.1713,0.2967,34.2442
0.0515,0.9811,35.2164,0.1625,0.4508,16.5546
0.0716,0.9794,39.7315,0.2058,0.3300,25.3636
0.0690,0.9644,38.6692,0.1662,0.1461,40.9867
0.0835,0.9678,34.3611,0.1865,0.2903,59.0178
0.0665,0.9798,31.7303,0.1673,0.4118,3.8251
0.0734,0.9694,44.7698,0.1671,0.1745,43.9178
0.0486,0.9800,25.0193,0.1794,0.4872,41.2291
0.0614,0.9774,36.8031,0.1877,0.4345,54.4164
0.0610,0.9756,28.5683,0.1529,0.4793,52.4559
0.0690,0.9551,37.1158,0.1639,0.3487,37.6720
0.0633,0.9738,38.0734,0.1870,0.1555,26.9347
0.0614,0.9833,30.9132,0.1538,0.2704,30.5071
0.0743,0.9798,30.8361,0.1708,0.3659,54.0844
0.0644,0.9640,41.3194,0.1688,0.3479,19.5168
0.0786,0.9672,43.3984,0.1813,0.3442,31.2541
0.0778,0.9794,34.0026,0.1569,0.3305,11.9098
0.0781,0.9760,30.6472,0.1689,0.2225,55.7865
0.0637,0.9680,37.5736,0.1805,0.2897,27.5618
0.0719,0.9732,41.2074,0.1878,0.3276,45.9831
0.0701,0.9644,48.8620,0.1710,0.3043,31.9393
0.0687,0.9692,41.0570,0.1596,0.3615,34.3117
0.0751,0.9634,38.4801,0.1796,0.3529,55.6131
0.0620,0.9746,36.8034,0.1994,0.4146,23.7156
0.0493,0.9765,35.9058,0.1783,0.3939,27.9427
0.0619,0.9702,30.7052,0.1995,0.3497,22.6463
0.0776,0.9715,40.0257,0.1575,0.3595,32.3340
0.0714,0.9732,44.7052,0.2003,0.1746,48.9173
0.0639,0.9796,32.3290,0.1796,0.4456,40.0998
0.0656,0.9797,31.9355,0.1705,0.4772,16.2788
0.0810,0.9734,34.9743,0.1646,0.4764,36.0201
0.0670,0.9571,47.8979,0.1825,0.3453,19.8155
0.0830,0.9608,44.2707,0.1653,0.3534,48.2372
0.0599,0.9681,39.7860,0.1972,0.4748,22.4109
0.0620,0.9797,39.1252,0.1784,0.5308,32.2132
0.0667,0.9697,37.2841,0.1807,0.3841,30.7712
0.0707,0.9799,36.4063,0.1656,0.3544,48.6761
0.0742,0.9740,39.9599,0.1896,0.3932,10.9618
0.0632,0.9721,42.4033,0.1670,0.3193,39.5232
0.0606,0.9838,28.1520,0.1791,0.4688,18.6929
0.0503,0.9799,23.8181,0.1915,0.4502,51.7277
0.0488,0.9741,37.4693,0.1646,0.4620,50.8242
0.0630,0.9699,42.7202,0.1807,0.3843,43.6898
0.0726,0.9558,37.7246,0.1408,0.3311,37.1994
0.0894,0.9717,33.2014,0.1419,0.2432,43.9792
0.0719,0.9828,36.5132,0.1710,0.4849,36.5441
0.0667,0.9692,33.6345,0.1785,0.3728,23.1543
0.0651,0.9700,32.9012,0.1613,0.3289,37.6298
0.0829,0.9802,36.9725,0.1633,0.3476,41.4114
0.0527,0.9753,38.4483,0.1626,0.3520,18.5860
0.0703,0.9713,39.1867,0.1809,0.3210,28.7059
0.0679,0.9618,43.4389,0.1640,0.3229,56.5744
0.0440,0.9821,33.7098,0.2144,0.4713,30.5868
0.0725,0.9736,32.1099,0.1591,0.2760,23.7187
0.0705,0.9687,53.0874,0.1870,0.2294,47.9070
0.0664,0.9733,42.1696,0.1597,0.5405,17.0831
0.0601,0.9772,33.3294,0.1796,0.3802,7.4221
0.0735,0.9692,34.1234,0.1614,0.1195,35.0428
0.0577,0.9779,38.7889,0.1694,0.3422,40.9695
0.0646,0.9701,41.5192,0.1479,0.1906,26.8660
0.0653,0.9739,39.4494,0.1946,0.3981,36.1896
0.0594,0.9714,36.3626,0.1704,0.2869,32.8263
0.0863,0.9704,34.2449,0.1534,0.3358,27.6533
0.0695,0.9811,27.2602,0.1660,0.5550,28.6285
0.0636,0.9759,33.4488,0.1444,0.2981,20.3986
0.0660,0.9794,48.1134,0.1859,0.3433,27.4270
0.0630,0.9754,39.5151,0.1792,0.4899,2.2104
0.0859,0.9720,41.1072,0.1621,0.1392,40.4686
0.0778,0.9701,45.6803,0.1607,0.2925,43.0686
0.0707,0.9738,35.4472,0.1768,0.3290,16.6596
0.0611,0.9688,34.3545,0.1951,0.3974,49.1856
0.0547,0.9782,46.1538,0.1815,0.4201,22.4415
0.0638,0.9759,48.9726,0.1901,0.3635,54.9069
0.0750,0.9521,40.4786,0.1815,0.1486,50.9161
0.0632,0.9822,25.3277,0.1574,0.4494,7.6512
0.0662,0.9818,27.7743,0.1998,0.3889,29.8505
0.0628,0.9814,34.3627,0.1853,0.3868,7.1288
0.0734,0.9557,51.0843,0.2000,0.3159,53.4037
0.0632,0.9745,36.4082,0.1991,0.2101,44.7829
0.0470,0.9724,36.1286,0.1926,0.4866,40.5905
0.0752,0.9771,29.2692,0.1514,0.3283,28.1501
0.0724,0.9768,41.8498,0.1763,0.3327,46.4515
0.0756,0.9743,33.7859,0.1550,0.1296,49.9172
0.0629,0.9788,29.0165,0.1580,0.5155,4.6850
0.0570,0.9734,32.6710,0.1911,0.4685,22.8247
0.0720,0.9795,44.6936,0.1834,0.4119,32.4219
0.0644,0.9829,34.4119,0.1825,0.3523,31.2683
0.0630,0.9805,35.3157,0.1849,0.4801,31.7033
0.0621,0.9699,33.5367,0.1593,0.1952,35.7048
0.0505,0.9801,34.9673,0.1713,0.4415,19.7189
0.0529,0.9722,32.0375,0.1784,0.3921,10.1276
0.0772,0.9768,40.7455,0.1772,0.3549,36.3649
0.0636,0.9792,33.7582,0.1708,0.3617,44.8685
0.0731,0.9723,45.5776,0.1815,0.3390,42.7560
0.0768,0.9604,57.8113,0.1562,0.3478,9.3057
0.0467,0.9824,33.7859,0.1996,0.5113,23.5710
0.0668,0.9770,36.9185,0.1660,0.4356,28.8119
0.0772,0.9721,32.8141,0.1497,0.3252,16.8711
0.0715,0.9764,31.7290,0.1594,0.3218,55.7472
0.0681,0.9801,36.7825,0.1767,0.5202,53.5977
0.0467,0.9827,33.4328,0.1813,0.5394,53.6936
0.0683,0.9668,42.7039,0.1685,0.2084,54.6150
0.0658,0.9652,42.9871,0.1852,0.2627,45.9203
0.0518,0.9807,26.6422,0.1973,0.5608,2.3604
0.0570,0.9750,32.7451,0.1656,0.3947,40.6180
0.0644,0.9766,36.6411,0.1912,0.3748,50.2459
0.0482,0.9802,34.2953,0.1842,0.4474,26.1863
0.0735,0.9659,34.4296,0.1874,0.3948,21.2002
0.0802,0.9714,41.3709,0.2002,0.2308,42.4483
0.0690,0.9707,33.3528,0.1665,0.3979,39.5810
0.0675,0.9782,32.6986,0.1986,0.3165,43.0745
0.0622,0.9743,35.3330,0.1379,0.3355,28.9816
0.0710,0.9716,35.9246,0.1717,0.2933,43.6050
0.0801,0.9688,54.3628,0.1648,0.2445,40.8856
0.0619,0.9747,30.8193,0.1615,0.3678,6.3180
0.0799,0.9798,39.2706,0.1631,0.3932,40.4996
0.0510,0.9784,29.5235,0.1894,0.5504,22.2659
0.0483,0.9808,35.4408,0.1731,0.4340,21.7995
0.0647,0.9818,30.3259,0.1823,0.3440,37.5285
0.0666,0.9666,42.2309,0.1797,0.1972,48.9846
0.0604,0.9773,37.2526,0.1889,0.2904,42.0534
0.0539,0.9765,35.7492,0.2046,0.4065,34.6729
