0.1078,0.9999,36.4425,0.1321,0.3534,3.9788
0.0965,0.9974,46.5617,0.1931,0.1621,0.2470
0.1136,0.9988,43.1804,0.2090,0.2164,7.0227
0.1029,0.9998,37.3395,0.2301,0.4689,15.4063
0.0926,0.9987,38.6716,0.1419,0.1783,9.0760
0.0958,0.9999,35.7831,0.1580,0.5223,4.3265
0.1017,0.9975,41.3533,0.1948,0.3168,1.6096
0.1160,1.0000,45.9966,0.1598,0.2868,7.4072
0.1021,0.9992,39.5740,0.1806,0.1807,8.0537
0.0748,0.9995,36.1144,0.1766,0.3110,54.9610
0.1006,0.9985,50.9540,0.1911,0.1529,10.6377
0.1047,1.0000,34.5110,0.2113,0.1842,41.3833
0.1028,0.9981,39.9197,0.1799,0.4653,4.1756
0.1144,0.9995,34.9720,0.1806,0.1142,14.1713
0.0820,0.9994,37.3047,0.2336,0.2401,59.1441
0.1024,0.9998,39.9106,0.1616,0.4258,0.6160
0.0979,0.9989,43.7389,0.1459,0.1784,1.2973
0.1043,0.9994,37.3262,0.1692,0.0774,17.7385
0.0832,0.9996,32.7637,0.1489,0.1019,52.2800
0.1020,0.9984,36.6025,0.2152,0.3677,1.8822
0.1058,0.9998,33.9728,0.1511,0.2851,10.5934
0.1063,0.9997,36.2803,0.1981,0.3567,15.9291
0.0895,1.0000,39.8260,0.1772,0.3065,0.4754
0.0976,1.0000,35.4626,0.1444,0.4926,5.0301
0.0944,1.0000,36.2553,0.1668,0.4886,10.2187
0.1030,0.9999,46.5540,0.1464,0.3555,1.3695
0.1019,0.9994,33.8691,0.2174,0.1918,3.6307
0.0920,0.9998,35.0532,0.2092,0.1502,41.6114
0.0935,0.9981,41.4857,0.1621,0.0665,18.2291
0.1035,0.9999,39.8131,0.1509,0.1316,31.6416
0.0971,0.9987,44.3227,0.1540,0.2015,1.6466
0.1161,0.9994,43.7980,0.1708,0.4493,6.7942
0.1076,0.9976,47.8912,0.1386,0.2692,4.9198
0.1127,0.9981,40.0744,0.2034,0.1758,12.4313
0.1106,0.9992,44.8735,0.1839,0.2195,7.2928
0.1003,0.9999,37.5737,0.1474,0.0147,44.8309
0.1070,0.9999,35.1084,0.1513,0.2386,6.8117
0.0938,0.9991,39.0429,0.1666,0.3781,7.5203
0.1115,0.9999,37.1516,0.1635,0.3617,6.5038
0.0859,0.9963,41.5612,0.2276,0.4021,54.1297
0.0881,0.9999,32.0070,0.1745,0.4899,26.2481
0.0819,0.9954,52.7626,0.2064,0.3676,12.8621
0.0847,0.9985,33.5236,0.2177,0.2996,46.8339
0.0837,1.0000,32.5067,0.2689,0.3788,12.8442
0.1026,0.9993,32.3328,0.1768,0.1192,30.5456
0.0944,0.9995,33.1354,0.1375,0.3882,3.1199
0.0959,0.9999,37.6274,0.1353,0.3016,7.6760
0.0892,0.9987,37.7463,0.2033,0.0977,54.6656
0.0964,1.0000,35.3950,0.2032,0.2057,5.6708
0.0970,0.9995,43.4735,0.1532,0.1122,14.7752
0.0965,0.9990,39.2865,0.1075,0.1258,41.7833
0.1183,0.9995,37.8111,0.1758,0.2923,11.0960
0.0883,0.9999,38.8350,0.1479,0.1705,15.3921
0.1054,0.9994,38.1984,0.1837,0.0748,42.9709
0.0989,0.9970,44.4970,0.1777,0.1707,11.4967
0.1104,0.9998,45.3380,0.1541,0.1214,0.7766
0.0928,0.9979,39.5616,0.1908,0.3027,11.0103
0.0937,1.0000,34.9055,0.1841,0.0325,51.8610
0.1077,0.9989,41.9953,0.1789,0.0861,0.8661
0.1131,0.9995,38.5789,0.1583,0.2267,1.6220
0.1016,0.9998,36.9751,0.1761,0.3315,1.0480
0.0923,0.9977,38.6717,0.1881,0.0693,10.7285
0.1171,0.9980,43.1978,0.1792,0.2453,9.9820
0.1046,0.9986,39.5096,0.1703,0.1533,7.0305
0.1126,0.9993,41.5525,0.1691,0.2141,4.2953
0.0925,0.9974,42.1619,0.1927,0.2304,2.3311
0.0918,0.9983,39.7159,0.1818,0.0025,42.2393
0.1160,0.9986,50.0431,0.1257,0.1951,13.8789
0.0895,1.0000,39.4592,0.1623,0.2745,6.6123
0.0954,1.0000,37.4514,0.2158,0.3900,0.1821
0.1151,0.9980,51.2052,0.1554,0.1073,0.3062
0.0938,0.9999,34.9803,0.1690,0.2043,6.2134
0.1143,0.9993,41.4868,0.1657,0.1741,9.4509
0.0714,0.9987,33.1702,0.2125,0.2088,56.5260
0.0902,0.9999,35.5086,0.1983,0.3517,31.0143
0.0903,1.0000,42.5703,0.1868,0.2842,15.2051
0.0794,0.9999,34.1700,0.2201,0.3479,4.2276
0.0993,0.9991,36.9071,0.1729,0.0834,53.1442
0.1147,0.9994,42.7132,0.1477,0.2474,5.8922
0.1073,1.0000,36.4819,0.2087,0.1853,7.0966
0.0908,0.9998,36.9822,0.1532,0.0621,44.7372
0.0970,0.9993,36.9698,0.2170,0.1468,59.8471
0.1020,0.9969,58.6963,0.1710,0.1578,9.4096
0.1074,0.9999,40.0084,0.1429,0.5595,4.8500
0.0942,0.9981,38.1276,0.1921,0.1644,20.4088
0.0780,1.0000,31.7691,0.2712,0.5007,47.5755
0.1087,0.9990,40.1230,0.1357,0.0186,8.4543
0.0947,1.0000,39.4561,0.2287,0.2759,8.0700
0.0847,0.9997,32.9709,0.2217,0.3606,45.6854
0.1081,0.9997,40.9874,0.1551,0.0821,16.4365
0.0881,0.9990,36.4740,0.1372,0.2348,58.7242
0.1013,0.9992,37.3484,0.2168,0.2649,11.2683
0.1089,0.9981,45.8424,0.1845,0.3385,9.6630
0.1128,0.9989,39.3905,0.2252,0.2120,9.7224
0.1025,0.9971,44.0732,0.1797,0.0339,2.2085
0.1109,0.9992,44.6403,0.1247,0.1380,7.1564
0.0787,1.0000,36.3350,0.1947,0.2514,25.2394
0.0992,0.9994,37.4386,0.2142,0.2372,10.6028
0.1039,0.9999,42.2066,0.1690,0.3288,9.8852
0.1038,0.9993,36.7113,0.1659,0.3023,12.3061
0.0943,0.9999,34.7880,0.1409,0.5731,5.3455
0.0821,0.9997,39.5264,0.1918,0.3656,44.3947
0.0881,0.9971,54.1235,0.1644,0.0312,23.2332
0.0936,0.9979,41.9406,0.1873,0.1256,45.9865
0.0864,1.0000,32.4277,0.1939,0.5508,2.9853
0.0955,0.9999,38.3466,0.2006,0.2297,3.4571
0.0610,0.9987,32.4649,0.2806,0.7237,3.5388
0.0858,0.9992,33.7510,0.2270,0.2279,42.7063
0.0991,0.9999,36.9321,0.1265,0.4736,8.7722
0.0975,0.9971,35.8520,0.2048,0.0441,58.6815
0.0949,0.9998,36.2450,0.1971,0.1435,51.8657
0.1070,0.9999,36.0076,0.1592,0.4593,1.3857
0.0942,0.9982,45.7060,0.1553,0.1871,15.0447
0.0791,0.9996,31.7115,0.1810,0.3030,49.8274
0.1006,0.9998,38.6483,0.1144,0.0882,51.0977
0.0981,0.9996,42.9219,0.1703,0.2550,12.9974
0.1015,0.9989,35.3157,0.2214,0.3481,14.5056
0.0884,1.0000,32.3117,0.1337,0.1418,53.1735
0.0743,0.9962,43.0443,0.2265,0.3053,9.0326
0.1031,0.9965,52.5200,0.1909,0.0933,13.4796
0.0951,0.9998,37.6371,0.1809,0.4650,2.7992
0.0936,0.9975,40.3180,0.2149,0.3962,13.0920
0.1072,0.9999,38.3838,0.1475,0.1090,16.6380
0.1198,0.9996,45.6161,0.1501,0.1744,1.4417
0.0884,0.9978,46.2264,0.1657,0.1662,2.6851
0.1076,0.9999,37.2602,0.2514,0.2956,14.1785
0.0999,0.9992,38.2229,0.1371,0.0741,59.2285
0.1155,0.9995,41.3392,0.1703,0.2847,0.5572
0.1153,0.9999,38.9353,0.1633,0.3623,11.7841
0.1018,0.9994,40.6352,0.1920,0.1700,4.4618
0.0968,0.9996,34.3535,0.1874,0.1732,8.5797
0.1008,1.0000,39.3637,0.1637,0.2903,6.6917
0.1199,0.9988,42.7569,0.1670,0.4108,3.3261
0.1097,0.9971,59.8807,0.1601,0.2380,0.5859
0.1115,0.9986,38.5566,0.1710,0.0673,8.2876
0.1067,0.9975,44.7247,0.1809,0.2295,7.7873
0.1003,0.9999,34.1475,0.1439,0.0944,53.1282
0.0888,0.9976,40.7920,0.2029,0.1499,4.7450
0.1190,0.9998,37.1958,0.2057,0.1729,3.4368
0.1019,1.0000,41.0254,0.1450,0.1304,22.2860
0.1103,0.9976,44.6722,0.1490,0.1276,7.1599
0.1131,0.9992,47.4817,0.1601,0.1146,9.8943
0.0924,0.9984,34.8382,0.2095,0.1026,52.4505
0.1166,0.9999,34.8113,0.1507,0.1548,5.9727
0.0822,0.9984,36.0376,0.2103,0.3032,29.3766
0.0978,1.0000,36.5987,0.1804,0.1658,7.1646
0.1119,0.9994,39.4723,0.1866,0.2400,10.4977
0.1012,0.9990,38.9263,0.1648,0.0211,46.2353
0.1168,1.0000,35.9389,0.1783,0.2751,4.2041
0.0979,0.9983,44.6732,0.1877,0.4081,7.1430
0.1086,0.9997,41.1865,0.1463,0.2831,6.6408
0.1201,0.9998,33.4530,0.1546,0.1201,44.4903
0.1114,0.9994,41.7283,0.1666,0.0409,0.5682
0.1110,0.9997,38.7131,0.1885,0.5737,4.5895
0.1127,0.9997,38.9610,0.1964,0.2266,7.1341
0.0931,0.9995,33.8901,0.1747,0.2556,18.9770
0.1225,0.9969,58.2732,0.1683,0.4378,11.2794
0.0969,0.9995,36.4432,0.1701,0.0656,10.7740
0.1037,0.9999,43.2582,0.1720,0.2692,10.5941
0.0842,0.9995,32.6672,0.2475,0.4774,15.2200
0.1044,1.0000,34.9757,0.2144,0.3054,11.4755
0.1020,0.9999,37.1331,0.1621,0.2051,25.7765
0.0864,0.9999,34.9497,0.1867,0.5382,20.2424
0.1024,0.9989,41.4501,0.1493,0.1710,16.6793
0.1005,0.9997,38.2387,0.1768,0.4583,5.2705
0.0984,0.9980,38.3207,0.1796,0.1116,52.5933
0.0849,0.9988,36.7530,0.2183,0.0048,45.3701
0.1121,0.9994,39.3131,0.1835,0.1979,13.8508
0.0846,1.0000,31.4676,0.1505,0.0738,46.5875
0.1094,0.9998,42.3351,0.1441,0.2224,4.4916
0.1086,0.9985,44.3170,0.1772,0.2934,6.9208
0.1095,0.9991,39.4885,0.1595,0.0480,6.5665
0.0921,0.9996,36.5433,0.1792,0.4746,12.3861
0.0942,0.9998,42.2251,0.1578,0.3250,7.6036
0.1055,0.9999,35.9012,0.2065,0.1814,8.3470
0.0987,0.9979,53.5308,0.1825,0.2516,9.9841
0.0852,0.9999,32.7216,0.2007,0.1782,17.2905
0.1099,0.9999,34.4898,0.1509,0.2379,10.2276
0.0912,0.9993,38.1867,0.2642,0.1918,12.8944
0.0932,0.9999,33.3626,0.1758,0.0751,9.6088
0.0839,0.9982,39.1994,0.1922,0.3016,13.4658
0.1094,1.0000,35.8501,0.1558,0.4652,5.3157
0.1007,0.9998,31.5014,0.2336,0.4489,9.9343
0.1065,0.9994,45.9056,0.1523,0.2250,2.2988
0.1112,0.9982,45.9994,0.1700,0.1941,6.1886
0.0947,0.9999,35.3775,0.1645,0.2036,57.7588
0.1052,0.9993,41.0866,0.1915,0.0646,7.9103
0.1065,0.9999,36.6506,0.2107,0.3172,9.5918
0.1004,0.9997,33.8978,0.1859,0.2194,28.3232
0.0931,0.9989,36.9137,0.1995,0.1840,8.3025
0.1029,0.9975,44.6038,0.1684,0.0343,2.8290
0.1119,0.9996,40.6840,0.1203,0.2583,12.2455
0.0839,0.9977,33.4765,0.2316,0.1753,41.0599
0.0875,0.9963,51.1553,0.2278,0.1414,11.4557
0.1144,0.9995,39.4772,0.1621,0.2000,0.0884
0.1133,0.9999,37.9706,0.1713,0.0648,9.5132
0.0848,0.9964,52.2201,0.1933,0.1636,34.2755
0.1034,0.9982,43.4152,0.1639,0.3090,13.2242
0.0861,0.9980,40.5844,0.1843,0.2606,4.8766
0.1011,0.9997,38.9960,0.1948,0.2412,57.6058
0.1038,0.9988,37.2674,0.2108,0.3117,10.1520
0.1186,0.9985,46.8445,0.1642,0.3095,8.1534
0.1102,0.9991,44.9603,0.2493,0.3707,4.3833
0.0836,0.9979,41.3920,0.2353,0.1534,14.7099
0.1019,0.9985,38.8102,0.1961,0.1018,11.4227
0.1135,0.9991,35.8525,0.1656,0.3308,15.1441
0.0914,0.9982,37.4985,0.2142,0.1623,0.7352
0.0878,0.9974,41.6619,0.1379,0.0446,58.9338
0.1048,0.9998,33.8652,0.1900,0.3919,42.7120
0.1029,1.0000,36.1479,0.1793,0.3128,6.9694
0.0936,0.9997,40.8440,0.1383,0.1537,47.6247
0.1106,0.9995,35.9472,0.2007,0.4769,8.8925
0.0890,0.9995,36.9693,0.2015,0.4400,7.4378
0.1094,0.9991,47.9792,0.1662,0.1535,2.5391
0.0804,0.9980,34.9620,0.1912,0.1811,46.4764
0.1035,0.9999,40.3700,0.1585,0.5641,8.7053
0.1059,0.9997,42.3524,0.1900,0.2897,14.5540
0.1117,0.9983,43.8648,0.2276,0.1499,11.8059
0.1039,0.9997,37.0818,0.1245,0.0486,56.3615
0.0972,0.9989,38.1416,0.2024,0.2492,3.2585
0.0806,0.9998,32.9780,0.1679,0.1079,51.6360
0.0994,0.9999,35.9811,0.1452,0.0523,52.9287
0.1007,1.0000,34.1244,0.2051,0.0694,14.6324
0.0885,0.9977,39.9382,0.2118,0.2312,16.7427
0.0988,0.9992,35.6979,0.1802,0.3299,2.0805
0.1112,0.9999,40.0448,0.1516,0.0847,3.2731
0.1153,0.9996,40.0933,0.1452,0.0091,9.9116
0.0995,0.9987,41.1155,0.1775,0.1656,9.3652
0.0895,0.9998,33.9375,0.1893,0.1556,48.4244
0.0791,1.0000,34.1027,0.1938,0.2461,7.9263
0.0858,0.9999,37.8130,0.1935,0.4641,4.9020
0.1012,1.0000,36.9162,0.1596,0.0916,56.1050
0.0944,0.9967,59.6601,0.1687,0.1673,15.7502
0.1003,0.9999,34.5987,0.1854,0.2485,1.8713
0.1073,1.0000,31.4417,0.1754,0.5818,5.5981
0.1024,0.9988,39.0586,0.1849,0.0951,34.3116
0.0998,0.9992,39.5258,0.1470,0.0955,6.9965
0.1029,0.9996,38.2188,0.1692,0.3131,6.3228
0.0955,0.9989,35.5932,0.1797,0.2393,6.9399
0.0960,0.9979,41.0645,0.2135,0.1922,3.7618
0.0946,0.9975,42.1548,0.1759,0.3088,21.0532
0.0900,0.9982,39.3508,0.2133,0.2825,17.0418
0.0981,0.9972,44.7418,0.2033,0.3327,9.0649
0.1076,0.9999,35.3632,0.1925,0.1877,7.0470
0.1057,0.9999,40.9875,0.1794,0.1997,14.3855
0.0923,0.9967,49.3721,0.2079,0.3364,3.3024
0.0980,0.9999,40.5380,0.1167,0.0236,46.2411
0.0904,0.9981,37.3193,0.2243,0.0323,49.8619
0.0856,0.9999,30.7370,0.1919,0.3277,9.4015
0.0909,0.9976,46.3666,0.2090,0.2268,0.6302
0.0982,0.9998,38.6972,0.1072,0.6439,0.5207
0.1071,0.9984,49.3052,0.1525,0.0481,11.8585
0.0892,0.9974,35.3759,0.2111,0.2003,58.6371
0.0923,1.0000,30.4992,0.1846,0.4875,5.3520
0.0848,0.9983,39.7911,0.1739,0.3001,12.8370
0.0788,0.9998,35.1021,0.1666,0.1950,57.6608
0.0813,0.9976,41.8805,0.1692,0.4099,18.8379
0.1027,0.9972,53.3181,0.1478,0.0524,14.4907
0.0724,0.9970,36.0060,0.1719,0.1654,59.1221
0.0873,1.0000,39.6629,0.1742,0.0960,15.3705
0.0886,0.9999,36.6445,0.1695,0.3858,7.5724
0.1051,0.9990,34.2754,0.1758,0.2294,3.4101
0.0790,0.9980,44.1965,0.1871,0.1994,45.4845
0.0914,0.9998,33.8646,0.1435,0.4701,59.2186
0.1115,0.9999,41.5090,0.1708,0.4287,6.5538
0.1020,0.9998,36.1886,0.1449,0.0382,22.9731
0.1115,0.9998,44.9368,0.1687,0.0633,4.9908
0.1006,0.9998,39.2103,0.1475,0.0860,56.7087
0.1033,0.9999,37.3587,0.1420,0.5121,16.9661
0.1112,0.9996,38.6421,0.2006,0.0972,12.1048
0.0729,1.0000,34.4656,0.2177,0.6332,55.9562
0.1114,0.9982,38.9152,0.1930,0.2533,8.6738
0.1081,1.0000,42.2712,0.1461,0.0440,29.8883
0.1058,0.9994,36.1191,0.2106,0.1697,8.7571
0.1141,0.9998,39.0729,0.1664,0.4230,0.1220
0.1067,0.9990,47.5248,0.1715,0.3911,1.0012
0.1127,0.9998,41.0806,0.1643,0.1335,13.9386
0.0990,1.0000,34.0016,0.1498,0.2645,50.9082
0.1143,1.0000,37.5617,0.1456,0.1803,13.4628
0.0992,0.9993,35.0498,0.1933,0.4584,9.6267
0.0918,0.9986,38.0038,0.2055,0.1627,12.7983
0.1104,0.9998,40.8135,0.1852,0.3288,7.1809
0.0856,0.9997,35.1703,0.1591,0.3643,1.3327
0.1061,0.9991,42.6819,0.1816,0.2130,16.5332
0.1114,0.9996,37.5350,0.1792,0.3092,7.5886
0.0972,0.9983,38.1032,0.1843,0.1155,1.5739
0.0864,0.9999,39.6142,0.2432,0.4169,55.4708
0.1023,0.9997,37.1485,0.1538,0.1342,22.3960
0.0927,0.9995,39.0198,0.1362,0.0684,54.1515
0.0962,0.9997,36.5784,0.2285,0.1180,56.9040
0.1075,0.9999,36.1449,0.1723,0.2510,10.0997
0.1072,0.9980,40.9093,0.1660,0.1571,3.8586
0.0893,0.9998,35.2340,0.1497,0.1069,49.1568
0.1022,0.9999,38.9008,0.1787,0.1586,9.2169
0.0783,0.9990,32.6484,0.1904,0.1332,57.4811
0.1113,0.9994,45.4877,0.1640,0.1348,5.9549
0.1014,0.9984,37.7324,0.1684,0.4062,11.5160
0.0994,0.9981,52.0085,0.1516,0.1261,11.7751
0.1238,0.9996,43.2697,0.1625,0.0287,7.8183
0.1070,0.9991,43.0455,0.1633,0.1961,10.1889
0.1053,0.9998,32.8384,0.1742,0.2126,0.3594
0.1105,0.9994,42.2905,0.1738,0.3190,5.8058
0.0912,0.9986,43.5569,0.1802,0.0739,0.5536
0.1173,0.9996,38.9230,0.1387,0.3277,14.6361
0.0908,0.9989,40.8287,0.1877,0.2141,18.3591
0.1016,0.9996,34.4762,0.1782,0.1556,56.4043
0.0912,0.9999,34.0884,0.1669,0.6317,1.6960
0.0999,0.9977,43.4574,0.1859,0.2376,5.4179
0.0856,0.9990,32.6009,0.2195,0.0737,46.3240
0.1032,0.9989,41.6251,0.1244,0.3188,10.6164
0.0912,1.0000,38.9099,0.2445,0.3399,7.9415
0.1106,0.9984,44.9448,0.1219,0.1415,2.0234
0.0947,1.0000,33.5777,0.1227,0.3895,11.2969
0.1052,0.9984,47.8078,0.1722,0.0512,22.3688
0.0927,0.9996,34.3512,0.1863,0.1433,53.7501
0.0867,1.0000,38.2826,0.1130,0.3930,7.4952
0.1026,0.9999,39.7133,0.1180,0.1573,10.8909
0.1020,0.9999,41.5762,0.1792,0.3074,7.8295
0.0880,1.0000,33.7439,0.2287,0.4857,3.1245
0.0906,0.9966,50.8966,0.2192,0.3291,10.3979
0.1062,0.9999,38.8919,0.1704,0.4364,2.5761
0.0896,1.0000,41.7731,0.1743,0.4681,12.9854
0.1138,0.9999,36.8295,0.1867,0.4378,5.8723
0.0999,1.0000,31.4503,0.1738,0.0263,58.6440
0.0827,0.9999,33.0437,0.2229,0.3370,17.5871
0.1082,0.9997,33.2127,0.1659,0.0091,51.5569
0.0923,1.0000,39.1959,0.1641,0.4720,1.0845
0.1002,0.9995,44.0723,0.2160,0.1861,4.9386
0.0899,1.0000,34.2868,0.1925,0.3258,14.7542
0.0865,0.9999,37.3839,0.1529,0.0343,52.3886
0.0970,0.9998,35.7162,0.2412,0.3743,2.3839
0.1048,0.9999,34.7492,0.1854,0.1977,12.7001
0.0928,0.9999,36.2431,0.2029,0.5014,9.5093
0.1049,0.9992,40.6409,0.1912,0.3178,7.6962
0.1015,1.0000,49.4729,0.1873,0.3505,3.6207
0.0996,0.9999,34.3815,0.1835,0.4822,3.2678
0.1050,0.9994,35.8097,0.2220,0.1900,9.2944
0.1029,0.9986,37.5760,0.1674,0.3673,19.2763
0.1110,0.9990,45.5000,0.1466,0.2531,9.1738
0.1101,0.9985,35.4198,0.1850,0.2620,5.5901
0.0846,0.9968,47.7449,0.2261,0.1484,6.4915
0.1053,1.0000,41.1104,0.2179,0.4264,13.0962
0.0962,0.9999,36.9208,0.1573,0.2558,7.1964
0.1255,0.9994,43.1891,0.1462,0.0892,15.3031
0.0994,0.9993,36.1542,0.1820,0.2901,7.7988
0.1024,0.9999,36.5246,0.2094,0.4782,4.1686
0.0952,0.9993,39.2957,0.2181,0.2790,6.4361
0.0851,0.9999,33.5777,0.1845,0.3398,44.2207
0.1131,0.9999,35.1850,0.1435,0.1083,7.6358
0.1098,0.9999,43.6599,0.1216,0.0875,3.0091
0.1044,0.9998,35.1082,0.1806,0.4245,10.8001
0.0859,0.9971,40.9126,0.2232,0.2900,1.0469
0.0862,0.9984,35.9626,0.2156,0.4859,9.3443
0.1106,0.9996,47.2718,0.1799,0.1952,8.6382
0.0798,0.9999,36.1206,0.2355,0.4190,9.9496
0.1024,0.9988,37.6151,0.1681,0.2075,55.5431
0.0739,1.0000,33.7146,0.2199,0.4682,0.6122
0.1190,0.9994,36.7047,0.1688,0.2390,10.2231
0.0826,0.9964,52.5425,0.2472,0.1991,7.6008
0.1118,0.9985,44.8028,0.1795,0.1293,1.6523
0.1054,0.9999,38.1948,0.1240,0.0115,53.6762
0.0919,0.9998,36.1871,0.1385,0.1015,42.5168
0.1042,0.9995,34.5678,0.2096,0.2639,14.4105
0.1004,0.9999,34.9346,0.1361,0.1965,4.6860
0.1042,0.9994,43.1021,0.1726,0.1266,6.1395
0.1044,0.9976,44.0420,0.1950,0.3546,11.4966
0.1144,1.0000,39.2920,0.1627,0.4093,16.6323
0.1116,0.9997,40.6908,0.1371,0.0401,8.2082
0.1148,0.9987,46.5950,0.1845,0.4241,5.7479
0.1102,0.9987,42.5318,0.1464,0.1119,17.0067
0.0953,0.9997,34.9053,0.1885,0.2964,58.7915
0.0904,0.9981,39.5628,0.2327,0.1996,3.9492
0.0949,0.9999,31.2416,0.2232,0.4477,7.7949
0.0907,0.9997,32.7359,0.2323,0.1822,41.7357
0.1098,0.9996,36.9077,0.2003,0.3189,13.3480
0.0813,1.0000,35.0677,0.1595,0.5365,32.8010
0.1092,0.9995,33.4263,0.1739,0.1751,56.9363
0.1087,0.9995,41.0405,0.1955,0.3307,4.7131
0.1154,0.9998,36.7530,0.1428,0.3153,1.1436
0.1067,0.9993,45.4369,0.1230,0.2207,3.9759
0.0900,0.9999,35.7453,0.2173,0.4379,9.2881
0.0721,0.9999,34.4780,0.2260,0.5448,1.4940
0.0977,0.9990,32.0763,0.1836,0.4653,14.2169
0.1139,0.9996,41.1580,0.1731,0.0357,3.9006
0.0923,1.0000,30.3894,0.1947,0.5155,9.8435
0.1000,1.0000,33.5310,0.2220,0.5114,13.5234
0.1061,0.9990,40.6796,0.1525,0.3558,6.7437
0.0999,0.9984,45.1841,0.1859,0.0379,51.4520
0.0721,0.9981,33.3320,0.2717,0.3426,1.3122
0.1067,0.9994,36.6435,0.1842,0.0713,10.4045
0.1040,0.9998,33.5052,0.1628,0.4356,7.9026
0.0860,1.0000,36.2021,0.1144,0.4302,12.7517
0.0941,0.9985,39.2900,0.1864,0.2747,7.8489
0.0915,1.0000,34.3581,0.0990,0.1984,39.0089
0.1101,0.9999,40.6742,0.1346,0.0812,4.9689
0.0985,0.9999,38.2724,0.1624,0.1344,49.4715
0.1137,0.9970,55.9311,0.1630,0.0352,9.8724
0.0860,0.9995,35.5051,0.1790,0.0291,58.4404
0.0922,0.9994,34.0957,0.1900,0.0686,35.4484
0.1199,0.9995,45.4331,0.1823,0.2547,2.7272
0.1102,0.9993,38.8609,0.2044,0.2634,10.6815
0.1194,0.9997,42.2659,0.1250,0.1267,4.0806
0.1044,0.9995,33.3964,0.1472,0.2070,6.5035
0.1157,0.9974,48.8484,0.1513,0.1522,6.5941
0.0925,0.9980,39.9160,0.1727,0.2803,9.0301
0.1054,0.9983,41.9463,0.1812,0.1179,6.3545
0.0980,0.9978,38.7992,0.2196,0.2217,1.2611
0.1074,0.9998,35.5085,0.2078,0.3849,0.8987
0.0943,0.9999,34.5568,0.1802,0.0373,34.9352
0.1013,0.9999,34.7482,0.1685,0.2669,50.6489
0.1143,0.9987,41.8473,0.2125,0.1996,11.3553
0.0855,0.9959,51.4445,0.2384,0.2636,3.9826
0.1016,0.9995,41.2771,0.1579,0.0519,28.4275
0.0889,0.9982,44.8139,0.2056,0.2389,22.2710
0.1007,0.9995,39.1923,0.1333,0.2769,12.8084
0.0853,1.0000,36.9422,0.1873,0.5618,6.0433
0.0951,0.9958,57.5822,0.1929,0.0732,11.0458
0.0978,0.9998,36.1721,0.1393,0.1030,30.0850
0.0986,0.9971,46.9239,0.2290,0.2160,2.5891
0.1022,0.9995,37.8175,0.1472,0.0339,57.9098
0.1031,0.9991,37.4720,0.1928,0.1594,17.0817
0.1152,0.9999,40.4778,0.1375,0.1898,18.0963
0.1159,0.9987,47.9782,0.1619,0.2183,10.3186
0.1088,0.9998,42.0328,0.1304,0.2463,7.0010
0.0916,0.9997,33.8974,0.1334,0.0507,58.5228
0.0990,0.9996,34.6550,0.2256,0.1780,12.6103
0.0935,1.0000,37.9846,0.1515,0.2643,9.8771
0.0920,0.9997,40.8997,0.1581,0.2705,4.1547
0.1058,0.9999,39.8845,0.1304,0.3429,25.2209
0.1038,0.9995,43.4297,0.1327,0.2086,5.4589
0.0837,0.9999,29.4505,0.1462,0.1904,45.7214
0.0885,0.9999,40.3171,0.1454,0.2453,6.7671
0.0975,1.0000,39.8189,0.1348,0.3530,5.9139
0.1068,0.9994,35.6441,0.1968,0.3394,4.8573
0.1032,0.9994,38.1224,0.1985,0.4588,6.4902
0.1086,0.9990,36.5806,0.1707,0.3263,6.1759
0.1055,1.0000,36.7467,0.1594,0.6637,7.5534
0.0925,0.9992,35.2016,0.1664,0.2080,54.0950
0.1038,0.9989,35.1262,0.2311,0.3218,16.1701
0.0839,0.9998,33.3122,0.2089,0.1264,34.7607
0.0992,0.9998,35.8630,0.1953,0.2145,11.5999
0.1160,0.9997,44.9672,0.1499,0.1613,4.5900
0.1035,0.9989,48.5363,0.1758,0.3136,11.1100
0.0869,0.9956,50.8500,0.2250,0.2598,9.4737
0.0870,0.9983,39.3423,0.2172,0.3886,11.1482
0.1036,0.9992,43.4482,0.1567,0.3408,0.2915
0.1220,0.9994,43.4000,0.1723,0.0344,6.6490
0.0927,0.9987,43.8976,0.1851,0.4490,6.3306
0.1022,1.0000,32.0562,0.1474,0.4349,15.6393
0.1086,0.9999,40.2406,0.2083,0.3040,13.6613
0.0951,0.9999,31.8972,0.2375,0.4168,22.5348
0.0812,0.9974,36.7816,0.1492,0.1371,50.8834
0.0966,0.9974,56.0272,0.1579,0.1279,6.0613
0.1142,0.9995,33.9115,0.2115,0.5147,18.5389
0.1199,0.9992,48.7518,0.1510,0.2022,4.7298
0.0852,0.9983,41.2404,0.2042,0.5138,9.1629
0.1095,0.9999,34.5207,0.1446,0.2929,18.1157
0.0897,0.9996,39.9748,0.1401,0.2946,3.1028
0.0962,0.9987,40.2839,0.1564,0.1836,12.5822
0.0925,0.9965,51.2481,0.2189,0.2280,1.8696
0.1006,1.0000,30.6617,0.2165,0.3069,12.1679
0.0988,1.0000,33.6777,0.1931,0.1024,58.9719
0.1094,0.9974,52.6001,0.1612,0.0825,15.6510
0.1026,0.9997,35.5023,0.2352,0.5684,7.8161
0.0896,0.9998,36.4891,0.2068,0.4056,8.3041
0.1084,0.9987,41.4803,0.1857,0.3142,13.0223
0.0832,0.9969,51.4615,0.2165,0.2859,0.3320
0.0921,1.0000,31.9727,0.2039,0.4268,1.9118
0.0987,0.9983,49.6559,0.1737,0.0205,50.7859
0.1001,0.9997,40.1151,0.2147,0.3794,16.9323
0.1029,0.9998,34.8789,0.2074,0.4009,5.0192
0.1092,0.9979,36.5128,0.2074,0.1102,12.9770
0.1043,0.9995,36.9176,0.1395,0.0967,2.9017
0.1062,0.9983,40.9875,0.2135,0.2753,10.6726
0.0980,0.9998,37.5505,0.1600,0.3703,55.0204
0.0997,0.9992,38.2993,0.1538,0.0546,25.2174
0.0795,0.9981,36.8733,0.2085,0.1253,50.9280
0.0988,0.9999,34.7797,0.1765,0.2006,59.3585
0.1146,0.9999,33.9290,0.2148,0.3607,14.5757
0.0969,0.9997,36.7996,0.2045,0.2058,15.4475
0.0935,0.9955,42.0394,0.1923,0.1319,9.1781
0.0943,0.9983,40.2136,0.1798,0.3051,16.9474
0.0875,1.0000,35.3385,0.1943,0.5258,9.8973
0.0982,0.9973,47.0634,0.2094,0.1318,10.8495
0.1035,0.9982,39.2893,0.2018,0.2787,2.6574
0.0843,0.9979,40.2041,0.2650,0.3853,5.1413
0.1192,0.9996,44.2066,0.1331,0.0518,4.5180
0.0795,0.9977,36.4946,0.2512,0.5326,1.5902
0.1009,0.9989,41.1371,0.1512,0.0722,4.6996
0.1066,0.9999,34.1140,0.1710,0.2819,17.7384
0.1132,0.9998,44.1211,0.1525,0.1110,2.5481
0.0788,1.0000,35.6321,0.2267,0.4792,51.2113
0.0874,0.9994,29.5965,0.1958,0.4918,6.3272
0.1075,0.9987,42.8706,0.1702,0.1174,1.9309
0.0938,0.9999,33.8747,0.2267,0.1214,51.0435
0.1039,0.9968,45.9005,0.2009,0.3000,7.2377
0.0999,0.9961,53.5550,0.2110,0.1608,15.5562
0.0915,0.9999,40.5671,0.1561,0.2908,11.6761
0.0975,1.0000,44.7749,0.1921,0.5892,7.3236
0.1171,0.9997,48.5676,0.1319,0.2698,8.8551
0.0823,0.9969,45.9053,0.2809,0.5897,1.6096
0.0984,0.9997,41.0335,0.1333,0.4447,12.9372
0.1029,0.9992,37.5742,0.1884,0.3596,9.1873
0.0964,1.0000,35.4254,0.2021,0.0147,53.1050
0.0872,0.9999,31.0704,0.1196,0.0429,50.8384
0.1079,0.9995,45.4623,0.1224,0.4610,6.6583
0.0994,0.9998,36.7394,0.1838,0.0847,51.0453
0.0923,0.9999,40.0499,0.1237,0.6272,16.9066
0.1070,0.9988,34.1745,0.2071,0.3739,13.5422
0.1174,0.9996,35.7474,0.1607,0.1405,6.4135
0.0933,0.9978,40.6992,0.2214,0.3815,14.4983
0.1081,0.9980,41.2990,0.1561,0.1132,7.5929
0.1045,0.9997,34.1681,0.1432,0.3122,55.7768
0.0862,0.9976,39.1003,0.1929,0.3621,16.5065
0.0910,0.9990,36.4375,0.1928,0.4020,4.0342
0.0956,0.9999,32.4475,0.1745,0.3010,12.9389
0.0859,0.9972,39.7759,0.2093,0.1810,53.8017
0.1019,0.9997,39.6488,0.2107,0.1025,13.4473
0.1023,1.0000,35.9394,0.2147,0.4149,8.4484
0.1074,0.9995,36.1904,0.1313,0.0262,53.1711
0.0864,0.9998,30.0635,0.2894,0.2581,53.8692
0.1148,0.9996,44.1320,0.1789,0.1487,6.9886
0.0876,1.0000,33.6456,0.2748,0.3234,17.8933
0.0991,1.0000,45.9725,0.1504,0.3264,13.4375
0.0778,0.9999,31.8007,0.1675,0.4281,28.7508
0.1095,1.0000,38.4675,0.1571,0.3173,2.7930
0.0782,0.9964,40.4800,0.2218,0.0995,42.9082
0.0923,0.9984,43.2549,0.1470,0.2442,3.1754
0.0983,0.9991,35.3542,0.1602,0.2044,51.3815
0.1068,0.9981,44.2828,0.1972,0.3372,5.0977
0.0869,0.9999,35.3672,0.1551,0.2588,55.3059
0.0949,0.9973,50.7715,0.1794,0.1673,19.0568
0.1010,0.9992,39.5595,0.1668,0.3606,2.4963
0.0937,0.9982,41.4450,0.2149,0.3685,9.2704
0.0950,0.9996,32.6471,0.1516,0.0797,59.8327
0.0937,0.9999,33.6322,0.2244,0.3961,6.4191
0.0994,0.9998,33.4204,0.1754,0.3168,53.9955
0.1105,0.9992,44.2503,0.1906,0.1179,6.0003
0.0991,0.9991,43.7822,0.1365,0.3387,2.7822
0.0958,1.0000,36.9323,0.1970,0.3330,4.8675
0.1240,0.9982,55.8988,0.1627,0.1861,8.1166
0.1110,0.9988,42.9517,0.1661,0.1228,1.1418
0.0884,0.9999,34.3459,0.1814,0.4470,17.3381
0.0994,0.9992,34.0758,0.1615,0.0856,53.1833
0.0916,1.0000,31.6124,0.1738,0.5460,43.9196
0.0736,0.9999,32.1940,0.2145,0.2314,10.9536
0.1124,0.9998,36.9700,0.1938,0.1824,3.2848
0.0860,0.9968,46.6236,0.2150,0.4671,8.8510
0.0945,0.9999,35.0535,0.1718,0.0905,15.4975
0.1174,0.9980,56.5783,0.1436,0.2386,6.4030
0.0914,1.0000,30.6251,0.1449,0.0169,14.9267
0.0817,0.9999,33.4671,0.1499,0.4709,6.5917
0.0925,0.9964,57.0803,0.1810,0.3983,11.0888
0.1176,0.9983,38.2014,0.2155,0.1893,8.1816
0.0954,0.9999,32.4845,0.1697,0.1896,15.1178
0.1138,0.9999,44.0830,0.1376,0.1361,9.2958
0.0954,0.9970,44.3231,0.1906,0.0274,15.5910
0.1001,0.9985,47.5049,0.1540,0.2143,4.8210
0.1123,0.9994,39.3300,0.1652,0.0493,11.6496
0.0764,0.9996,29.6512,0.2186,0.5357,12.5942
0.0918,0.9953,48.8521,0.2126,0.5083,19.3569
0.0943,0.9999,31.4669,0.1541,0.2237,10.4356
0.0898,1.0000,38.5103,0.1834,0.4480,8.1606
0.0985,0.9971,40.2817,0.1701,0.0799,34.7275
0.1016,0.9998,41.3594,0.1789,0.2065,5.4116
0.0697,0.9975,47.9979,0.2843,0.5271,4.9335
0.0966,0.9990,39.3317,0.1828,0.1409,9.6909
0.1152,0.9985,41.1531,0.1641,0.2274,11.2976
0.1163,0.9993,41.7420,0.1668,0.1012,19.8075
0.0876,0.9991,34.7395,0.2066,0.2309,18.4345
0.0957,0.9995,35.3857,0.1589,0.3792,18.3792
0.1114,0.9996,36.5507,0.1765,0.1816,3.5813
0.1089,1.0000,34.8993,0.1924,0.2714,7.5405
0.1029,0.9987,37.6372,0.2237,0.3499,8.4526
0.0987,0.9956,49.6943,0.2106,0.3170,4.5111
0.1067,0.9997,40.0110,0.1514,0.2038,0.3645
0.1056,1.0000,40.2312,0.1292,0.3631,19.3625
0.1140,0.9985,33.9815,0.2286,0.3028,1.9892
0.0921,0.9976,38.8485,0.1444,0.1270,55.6572
0.0841,0.9974,45.9069,0.1967,0.3478,12.8975
0.1074,0.9997,36.0985,0.1603,0.2701,2.0336
0.1067,0.9993,41.9379,0.1509,0.0861,10.8638
0.0875,0.9999,37.9625,0.1600,0.3705,1.4227
0.0933,0.9999,36.1131,0.1462,0.0059,55.9223
0.0888,0.9980,38.8304,0.2103,0.2596,42.7035
0.1218,0.9997,44.1352,0.1499,0.0989,10.4830
0.0927,0.9968,57.3491,0.2189,0.2152,8.8491
0.0955,0.9999,34.3949,0.1342,0.1319,54.2060
0.1023,0.9972,51.7736,0.1439,0.0342,12.2261
0.0892,1.0000,36.5557,0.1456,0.5037,5.1127
0.0849,1.0000,36.4917,0.1817,0.4054,57.7720
0.1006,1.0000,34.8867,0.1549,0.2184,7.7504
0.1148,0.9996,37.2201,0.1795,0.3187,12.3021
0.0795,0.9968,44.1242,0.2320,0.3481,9.0061
0.1047,0.9958,55.9548,0.2201,0.0884,9.6982
0.0928,0.9997,36.7872,0.1948,0.3421,9.6622
0.0755,0.9984,35.4345,0.2619,0.3685,56.2254
0.1069,0.9999,40.2650,0.1550,0.2697,6.8871
0.1085,0.9987,37.6407,0.2013,0.3017,9.8286
0.1066,0.9973,40.8808,0.1986,0.2130,4.9910
0.0853,0.9998,35.2906,0.1752,0.0078,24.7391
0.0754,0.9999,39.8023,0.2015,0.2412,43.8041
0.0889,0.9973,48.2087,0.1915,0.3365,9.6698
0.0942,0.9994,35.1617,0.1802,0.1431,2.2164
0.0781,0.9976,37.1371,0.2277,0.4618,57.4445
0.1128,0.9979,38.1401,0.2103,0.2598,8.4825
0.0873,1.0000,38.9984,0.1607,0.3621,36.5105
0.0829,1.0000,41.1503,0.1481,0.3286,6.5717
0.1042,0.9970,46.0476,0.2271,0.2501,9.5426
0.1041,0.9993,42.1847,0.2002,0.2711,11.7117
0.0928,0.9989,32.0566,0.1661,0.0950,40.1675
0.1147,0.9999,44.2752,0.1567,0.3419,0.6303
0.0938,0.9999,33.6126,0.1662,0.3296,53.4135
0.1061,0.9999,35.6360,0.1930,0.0532,37.2989
0.1030,0.9980,47.0505,0.1535,0.1085,13.7195
0.0953,0.9998,38.0674,0.1745,0.4202,4.8793
0.1050,0.9983,41.9631,0.2431,0.3185,13.1079
0.1028,0.9999,38.9769,0.2217,0.4953,7.6742
0.0885,0.9995,36.3094,0.1588,0.2313,7.8167
0.1097,1.0000,32.8066,0.2074,0.2177,8.9414
0.0900,0.9999,37.1970,0.1660,0.3622,10.1741
0.1004,0.9968,54.0856,0.1590,0.1001,7.2984
0.1223,0.9998,44.0822,0.1339,0.2988,14.9406
0.0999,0.9996,36.0671,0.1499,0.4405,24.4616
0.1028,0.9983,42.8632,0.1871,0.3148,15.7996
0.0954,0.9999,33.4804,0.2300,0.3924,37.4657
0.0900,1.0000,46.0145,0.1443,0.5035,8.6973
0.1048,0.9992,38.6630,0.1820,0.2496,16.8241
0.1138,0.9983,44.7266,0.1759,0.2105,2.1647
0.0870,0.9989,38.1930,0.1781,0.2254,24.5606
0.0945,0.9973,41.0585,0.2067,0.1591,14.8451
0.1144,0.9992,41.1671,0.1335,0.2800,3.9824
0.0886,0.9999,32.4533,0.2490,0.3195,8.0108
0.1155,0.9999,40.3419,0.1859,0.2095,14.3674
0.1143,0.9991,47.6578,0.1804,0.2161,8.1348
0.1132,1.0000,40.2802,0.1543,0.1837,0.1133
0.1100,0.9990,40.5311,0.1662,0.2714,8.5920
0.0935,0.9998,34.1028,0.1413,0.3235,59.1168
0.1094,0.9998,39.3444,0.1404,0.2980,8.6493
0.0947,0.9983,43.8789,0.1578,0.2910,4.9233
0.0905,1.0000,37.9433,0.2238,0.5184,8.6513
0.1093,0.9994,46.4032,0.1807,0.2136,5.1771
0.0978,1.0000,33.3500,0.1416,0.2275,9.8279
0.1040,0.9964,52.1315,0.2243,0.2644,12.7349
0.1190,0.9991,42.6431,0.1561,0.1019,11.3346
0.0883,1.0000,31.8951,0.2195,0.2737,54.1514
0.1092,0.9993,37.5566,0.1695,0.3001,10.1539
0.1105,0.9990,40.4074,0.2401,0.3886,9.7812
0.0760,1.0000,34.4035,0.1511,0.7147,3.7113
0.1059,0.9999,46.1284,0.1253,0.5073,1.7733
0.1103,0.9989,40.4042,0.1816,0.1423,2.1963
0.0962,0.9977,46.3067,0.2127,0.2456,4.5625
0.1138,0.9978,41.1148,0.1607,0.0921,5.6126
0.1118,0.9993,37.2484,0.1876,0.1195,6.1450
0.0939,0.9964,42.6194,0.1971,0.2270,40.1790
0.1079,0.9999,38.8268,0.2139,0.2926,19.9106
0.0929,0.9998,36.3691,0.2807,0.4422,0.7921
0.0924,0.9963,52.5647,0.1918,0.2123,4.5203
0.0830,1.0000,32.6127,0.1279,0.5785,10.7176
0.1121,1.0000,38.6281,0.1462,0.0852,4.6425
0.1050,0.9984,41.8898,0.1346,0.1727,4.7285
0.1072,0.9978,40.7823,0.2067,0.2471,8.9523
0.1024,0.9986,38.2529,0.1941,0.0813,13.1680
0.1038,1.0000,38.1976,0.2048,0.3860,12.9479
0.0916,0.9998,35.7710,0.2000,0.0644,58.9171
0.1105,0.9998,39.9987,0.1628,0.5271,11.6580
0.0861,1.0000,31.3073,0.1653,0.2579,52.2975
0.0959,0.9997,33.9267,0.1857,0.1146,54.8592
0.1080,0.9993,48.0106,0.1470,0.3582,0.9283
0.1025,1.0000,35.8455,0.1253,0.2564,12.2394
0.0913,0.9990,31.8733,0.1893,0.0678,59.3877
0.0925,1.0000,38.7889,0.1975,0.0933,5.1337
0.0959,0.9962,53.4896,0.2139,0.2051,1.3421
0.0846,0.9999,32.1904,0.1583,0.1861,53.1130
0.0930,0.9972,50.8865,0.1777,0.2585,0.9357
0.0923,0.9964,52.2050,0.2338,0.1556,15.1204
0.1006,0.9996,37.9437,0.1092,0.3852,1.9332
0.0949,0.9996,32.9990,0.1407,0.4151,7.2638
0.0861,1.0000,39.2149,0.1809,0.6294,3.0493
0.1044,0.9992,35.7684,0.1573,0.0418,16.6975
0.1083,0.9995,39.6727,0.1791,0.0741,1.9077
0.0848,0.9999,35.7953,0.2055,0.3344,11.4648
0.0847,1.0000,35.7932,0.1898,0.3890,52.1759
0.0943,0.9999,39.9520,0.1793,0.2148,22.5206
0.1004,0.9967,43.2007,0.2419,0.3129,6.1453
0.0911,0.9998,39.6206,0.1814,0.4294,3.5074
0.0662,1.0000,30.7577,0.2094,0.7239,42.8880
0.0966,0.9989,36.2508,0.2148,0.0618,29.9349
0.1019,0.9995,34.7742,0.1700,0.1650,3.3384
0.0897,0.9977,47.4431,0.1818,0.0513,9.9232
0.1013,0.9974,52.1842,0.1758,0.0924,9.6910
0.0997,0.9973,46.6781,0.2277,0.5637,5.9253
0.0856,0.9967,37.8470,0.2580,0.3379,52.9173
0.0940,0.9980,39.0464,0.1735,0.0737,9.3810
0.0939,1.0000,39.6376,0.1952,0.4325,5.0363
0.1139,0.9979,40.5315,0.1713,0.4344,8.8381
0.0936,0.9974,42.1247,0.1927,0.1689,3.3501
0.0961,0.9968,44.5782,0.2321,0.2931,16.3046
0.0973,0.9999,37.3219,0.1686,0.1828,21.9281
0.1010,0.9998,36.5911,0.1503,0.4661,0.2991
0.1014,0.9986,46.0844,0.1675,0.1610,14.7799
0.1077,0.9999,38.7507,0.1436,0.0282,13.9235
0.0914,0.9981,40.8978,0.1629,0.1506,14.6414
0.0853,0.9983,40.6560,0.2770,0.4463,11.5081
0.0926,0.9998,33.3499,0.2163,0.4179,6.1381
0.0835,0.9975,44.3127,0.1894,0.0918,15.8368
0.1019,1.0000,33.7334,0.1971,0.3159,9.9436
0.1058,1.0000,38.4744,0.1714,0.1879,1.6872
0.0866,0.9999,34.3287,0.1690,0.3894,25.0914
0.1012,0.9993,39.3062,0.1802,0.3277,0.4312
0.1021,1.0000,32.1513,0.2029,0.2345,22.5379
0.0817,1.0000,34.7368,0.2149,0.7231,13.2197
0.1043,0.9990,41.1601,0.1651,0.0026,37.9516
0.1005,0.9994,37.5058,0.2054,0.2348,4.6981
0.0749,0.9972,35.1672,0.2416,0.2937,53.9681
0.1049,0.9999,40.3398,0.1505,0.4093,8.6964
0.1023,0.9999,36.4636,0.2557,0.4231,3.6467
0.0870,0.9996,32.3635,0.1907,0.1292,47.6519
0.0848,1.0000,36.6247,0.1355,0.3216,21.6072
0.0932,1.0000,37.9077,0.1730,0.4391,9.7288
0.1181,0.9992,38.2122,0.1800,0.1229,7.8965
0.1102,0.9985,43.5631,0.1206,0.0709,3.6974
0.0914,0.9991,36.5148,0.2077,0.1116,52.1176
0.0736,1.0000,33.9304,0.1695,0.4903,16.7809
0.1080,0.9999,32.4088,0.1545,0.2360,15.7604
0.0974,0.9997,36.0544,0.2046,0.4055,10.6855
0.0848,0.9963,56.0252,0.2139,0.3194,4.7095
0.1008,0.9990,41.0217,0.1589,0.0140,48.0701
0.1011,0.9999,39.7586,0.1250,0.4317,6.4570
0.0885,0.9999,33.5283,0.2353,0.5280,9.6456
0.0926,1.0000,34.0597,0.2228,0.5103,10.7405
0.0937,0.9985,40.5561,0.1555,0.5660,31.6733
0.1064,0.9991,43.4710,0.1475,0.2157,1.8650
0.0944,0.9955,38.4384,0.1821,0.2083,48.3282
0.0938,0.9997,37.5219,0.1797,0.0208,55.4713
0.0881,0.9970,43.1654,0.1950,0.1493,52.9958
0.0776,0.9998,29.3967,0.2224,0.5501,53.3162
0.1276,0.9998,46.6428,0.1679,0.2822,10.6238
0.0880,0.9996,33.9249,0.2253,0.3494,35.4996
0.1012,0.9983,42.2269,0.1196,0.0541,52.6086
0.1171,0.9998,41.5828,0.1243,0.0973,6.7778
0.1097,0.9989,39.3374,0.1751,0.6088,5.5574
0.1069,0.9996,39.6200,0.1557,0.2865,17.8841
0.1048,0.9985,41.4124,0.1374,0.0004,20.5620
0.1009,0.9995,35.5003,0.1834,0.2577,17.4883
0.0901,0.9999,32.2670,0.1981,0.0606,53.8900
0.1057,0.9999,39.6540,0.1439,0.0473,7.7489
0.1003,0.9998,37.3957,0.1656,0.2287,7.9534
0.0982,0.9996,33.8937,0.1868,0.0352,57.8487
0.1099,0.9999,35.0659,0.1938,0.1817,11.1147
0.0867,0.9973,48.7104,0.2532,0.4253,2.1092
0.1151,0.9993,39.8954,0.1782,0.0708,55.0347
0.0899,0.9996,29.3475,0.2198,0.1850,1.3106
0.0904,0.9997,33.6733,0.1953,0.2192,11.9897
0.1094,0.9998,36.8604,0.1579,0.2579,4.7409
0.1007,0.9999,36.0249,0.1306,0.0941,9.4217
0.0983,0.9978,49.8916,0.1385,0.1548,14.3021
0.0861,0.9972,47.5965,0.1980,0.3708,7.4521
0.1152,0.9999,36.4591,0.1224,0.2710,57.2107
0.1034,1.0000,39.1225,0.1929,0.5232,10.7823
0.1084,0.9999,35.9815,0.2113,0.4660,14.4956
0.0863,0.9997,41.6454,0.1776,0.3998,5.9621
0.1020,0.9999,34.4690,0.1459,0.0647,51.5014
0.1234,0.9994,46.6363,0.1544,0.0619,3.4861
0.1006,0.9996,35.2937,0.1391,0.1772,53.5625
0.1123,0.9993,39.4123,0.1439,0.3757,7.8796
0.0986,0.9993,37.7667,0.1933,0.3269,6.1727
0.0955,0.9999,38.1301,0.1645,0.5558,10.8178
0.1132,0.9982,47.6985,0.1384,0.3997,1.9908
0.0899,0.9987,32.2691,0.2538,0.2941,11.3868
0.1163,0.9996,45.3743,0.1909,0.1571,14.3328
0.1051,0.9991,41.5775,0.1562,0.3895,1.0426
0.1031,0.9997,38.7221,0.1529,0.1256,52.8499
0.1163,0.9976,52.8754,0.1560,0.1622,11.8794
0.0951,0.9980,35.4977,0.1921,0.1137,47.0367
0.1094,0.9980,45.4785,0.1378,0.1805,15.6128
0.1118,0.9995,41.5792,0.1269,0.0334,12.9299
0.1042,1.0000,37.7733,0.1802,0.3369,11.6646
0.0942,0.9999,31.5449,0.2310,0.3294,1.4900
0.0975,0.9998,36.1740,0.1810,0.2372,11.9749
0.0983,0.9999,37.0154,0.2117,0.1328,9.8383
0.0976,1.0000,35.1168,0.2102,0.4056,15.3584
0.1161,0.9995,46.9559,0.1443,0.1051,6.7195
0.1313,0.9997,47.7458,0.1360,0.4368,1.4324
0.1056,0.9999,36.9990,0.1925,0.6180,4.2840
0.1040,0.9970,53.6927,0.1936,0.0459,4.6914
0.0966,0.9992,37.3896,0.1615,0.3186,13.9845
0.1164,0.9985,48.4945,0.2151,0.3063,2.6683
0.1061,0.9996,35.4259,0.2006,0.3972,2.1685
0.1147,0.9996,45.4674,0.1613,0.2465,3.1380
0.1067,0.9981,40.9354,0.1645,0.1786,11.7466
0.1177,1.0000,35.7431,0.1775,0.1417,6.0696
0.0810,0.9999,33.8091,0.2104,0.6122,41.9054
0.0998,0.9999,39.0742,0.2127,0.5117,4.4939
0.0946,0.9998,34.5694,0.1737,0.1804,58.7403
0.1168,0.9999,38.0123,0.1920,0.3526,2.0497
0.0801,1.0000,35.6803,0.1390,0.5701,5.2752
0.1047,0.9979,44.6097,0.2121,0.3687,6.2563
0.0904,0.9999,39.2648,0.1369,0.4618,6.5363
0.0919,0.9999,35.6259,0.1548,0.0811,24.1704
0.1059,0.9991,36.8057,0.1693,0.0291,43.6734
0.0942,0.9984,47.8103,0.1846,0.3242,36.3227
0.0903,1.0000,33.8349,0.1570,0.2029,13.1283
0.1022,0.9988,47.4476,0.1589,0.2318,2.6157
0.1003,0.9998,35.9946,0.2131,0.3325,14.5393
0.0897,0.9999,34.9505,0.2221,0.5256,0.9339
0.1050,0.9999,34.5921,0.1503,0.5584,8.7426
0.0904,1.0000,32.3008,0.1829,0.1042,48.4215
0.1063,0.9992,41.0846,0.1141,0.2596,16.5035
0.1057,0.9988,41.2914,0.1468,0.0812,14.9313
0.0866,0.9990,31.9800,0.3016,0.3818,43.5856
0.1139,0.9998,37.2616,0.1670,0.1181,35.9548
0.0970,0.9988,38.2280,0.1347,0.0272,49.8027
0.0926,0.9989,38.6117,0.1669,0.2547,21.2829
0.1083,0.9997,38.8185,0.1223,0.2959,4.7261
0.0921,0.9989,35.4811,0.2302,0.5033,14.2277
0.0978,0.9978,37.4217,0.1514,0.0448,44.4429
0.1142,0.9998,38.7069,0.1900,0.4097,6.5818
0.1182,0.9998,38.3656,0.1728,0.0365,13.6058
0.0812,0.9984,33.9018,0.2239,0.0758,42.9827
0.0897,0.9992,35.7031,0.2128,0.3070,9.2101
0.1054,0.9995,37.7360,0.1255,0.3458,10.6074
0.1074,0.9998,36.8118,0.1939,0.2959,2.8421
0.1189,0.9998,37.2635,0.1276,0.1767,45.7508
0.1081,0.9988,39.7165,0.1717,0.2805,1.3337
0.1031,1.0000,38.4903,0.1819,0.1833,46.7668
0.1126,0.9996,39.3081,0.1610,0.5385,6.1036
0.0878,0.9997,32.0915,0.2027,0.2553,55.2957
0.0871,0.9999,36.0469,0.2118,0.4290,1.9240
0.1066,0.9998,36.3819,0.1750,0.0361,52.8248
0.0917,0.9985,40.5373,0.1718,0.2032,29.9171
0.1058,0.9982,43.8220,0.1301,0.0358,10.1439
0.1066,0.9977,40.8359,0.1807,0.0151,12.4650
0.0953,0.9981,36.7217,0.2218,0.2532,6.6955
0.1007,0.9993,35.8756,0.1856,0.1482,12.7803
0.1077,0.9995,44.4706,0.1287,0.1391,12.5387
0.0916,0.9997,41.3714,0.1925,0.2204,6.4166
0.1005,1.0000,33.7191,0.1654,0.2372,25.7690
0.0919,0.9998,35.4132,0.1627,0.1706,15.7555
0.1135,0.9999,39.8307,0.1531,0.2355,8.6702
0.0943,0.9968,50.3572,0.1845,0.1502,5.1815
0.1018,0.9995,40.1938,0.1802,0.2265,8.2002
0.0905,0.9994,30.6868,0.1711,0.3901,46.8179
0.0969,1.0000,35.4583,0.1837,0.3821,2.8999
0.0919,0.9999,32.8187,0.1970,0.1185,53.9793
0.1036,0.9998,34.5740,0.1593,0.1702,11.9123
0.1136,0.9998,35.9978,0.1428,0.1409,3.1023
0.1187,0.9996,42.0331,0.1761,0.1515,6.6940
0.1096,0.9983,40.3101,0.1839,0.1805,17.2667
0.1057,0.9988,42.6050,0.1399,0.1510,13.7777
0.0833,1.0000,39.6297,0.1961,0.4734,3.3460
0.0997,0.9990,35.1169,0.1917,0.1793,4.0187
0.1027,0.9986,43.9203,0.1639,0.1607,4.9738
0.1121,0.9997,36.1411,0.2027,0.3776,1.1777
0.1199,0.9993,35.1205,0.1587,0.0484,51.3084
0.0922,0.9997,34.8258,0.2367,0.3931,11.2181
0.1094,0.9996,39.2386,0.1707,0.3291,9.0245
0.1096,0.9991,38.4274,0.1581,0.1955,16.1891
0.1093,0.9999,39.2711,0.1391,0.3142,12.0225
0.0946,1.0000,37.0024,0.1459,0.4823,8.7388
0.0994,0.9994,36.5820,0.1285,0.2713,33.1358
0.0945,0.9992,38.9895,0.1357,0.0578,58.2998
0.1057,0.9961,54.5972,0.2096,0.5124,2.6014
0.1013,0.9993,41.8798,0.2275,0.3004,8.9485
0.0919,0.9976,39.9638,0.1986,0.3974,16.4683
0.1052,0.9983,42.4738,0.2141,0.3292,7.3285
0.0904,0.9979,38.9862,0.2474,0.2231,56.1602
0.0991,0.9997,33.2220,0.2287,0.3726,7.2888
0.1073,0.9964,51.2106,0.1692,0.2308,12.0165
0.0920,0.9998,31.9659,0.1932,0.0273,58.6550
0.1116,0.9995,38.5597,0.1592,0.2235,6.4944
0.1063,0.9977,44.7875,0.2103,0.2409,15.2288
0.1000,1.0000,34.0748,0.1863,0.0450,45.2842
0.1023,0.9984,40.3962,0.1519,0.2398,13.9307
0.0960,0.9998,39.7528,0.1355,0.2633,0.3355
0.0888,0.9972,53.1628,0.2343,0.2320,8.7683
0.0781,0.9968,40.4132,0.2022,0.3012,58.5162
0.0972,0.9985,41.1982,0.1741,0.1615,5.3727
0.1046,0.9998,34.1615,0.2088,0.0252,58.6176
0.0946,0.9998,36.1041,0.1979,0.4615,5.2959
0.1119,0.9983,45.9224,0.1610,0.3611,0.8772
0.0970,1.0000,32.6961,0.1546,0.1709,50.3763
0.0954,0.9999,39.3722,0.1600,0.4435,7.8873
0.0924,0.9999,33.9137,0.1411,0.1149,54.5681
0.1008,0.9996,37.5763,0.1800,0.4092,10.9788
0.0986,0.9984,41.7270,0.1551,0.2241,7.7208
0.1065,0.9995,40.3187,0.1675,0.1556,15.1699
0.0937,0.9961,56.3001,0.1675,0.0742,6.7993
0.1026,0.9999,33.6535,0.1475,0.1657,54.6300
0.1014,0.9995,39.2432,0.1561,0.1348,20.0543
0.0765,1.0000,33.7706,0.2462,0.2323,2.0927
0.1003,0.9998,33.2661,0.1643,0.0217,54.1434
0.0968,0.9992,34.8868,0.1813,0.2625,11.9780
0.1312,0.9992,47.2854,0.1534,0.3271,5.4409
0.1026,0.9995,35.0642,0.1582,0.0029,48.8857
0.0873,1.0000,34.7551,0.1487,0.4922,5.6169
0.1090,0.9967,58.9226,0.2005,0.1350,13.2570
0.0763,1.0000,28.4458,0.2391,0.6093,28.1448
0.1049,1.0000,31.5040,0.2005,0.2573,7.4759
0.0842,1.0000,34.3434,0.1849,0.3286,57.3525
0.0998,0.9999,37.0905,0.1263,0.2135,6.6997
0.0954,0.9974,42.2285,0.1277,0.2909,9.0282
0.1157,0.9969,48.4718,0.1898,0.4532,0.8084
0.0826,0.9981,38.7533,0.1846,0.2637,7.0993
0.0981,0.9999,36.0488,0.2094,0.4236,15.8523
0.0947,0.9998,34.1154,0.1075,0.1451,46.5367
0.0890,0.9999,35.9574,0.1462,0.2345,54.9926
0.0997,0.9998,35.4639,0.1844,0.0599,12.2945
0.0948,0.9999,31.1710,0.2170,0.1363,16.6575
0.0950,0.9997,34.7201,0.1727,0.5899,1.9526
0.0981,0.9972,49.3748,0.1678,0.2503,15.1302
0.0644,0.9988,26.3493,0.3561,0.5847,44.4231
0.0903,0.9997,35.5343,0.2410,0.4806,5.8209
0.0868,0.9960,50.2649,0.1961,0.2062,14.3898
0.1138,0.9986,47.3448,0.1361,0.3548,5.0694
0.1056,0.9995,38.0661,0.1721,0.1777,21.7780
0.1194,0.9999,41.3181,0.1808,0.0896,2.5362
0.1193,0.9996,44.8097,0.1972,0.3216,4.8253
0.1011,1.0000,34.3983,0.1755,0.0076,8.9145
0.0814,0.9989,31.8955,0.2244,0.2812,47.1576
0.1010,0.9994,39.6118,0.1906,0.2324,11.1901
0.0998,0.9997,33.6499,0.2430,0.3190,8.9217
0.1040,0.9989,38.5934,0.1460,0.1088,6.3785
0.1154,0.9996,37.6610,0.1768,0.3161,11.0634
0.1029,0.9995,34.9225,0.1741,0.0721,18.0300
0.0996,0.9999,37.0346,0.1246,0.3245,5.0558
0.1112,0.9998,34.6242,0.1563,0.3923,48.6508
0.0969,0.9996,36.7061,0.1723,0.2755,4.4756
0.0949,0.9999,43.1220,0.2101,0.6000,7.5512
0.1092,0.9976,54.1013,0.1415,0.4937,17.7447
0.0845,0.9997,38.3080,0.1679,0.3318,8.2456
0.1054,0.9987,40.7401,0.1791,0.1401,8.3793
0.1089,0.9999,44.1365,0.1209,0.4079,1.1116
0.0752,0.9984,33.9712,0.2210,0.1441,49.9827
0.0893,0.9987,36.4149,0.1209,0.0190,53.2388
0.0952,0.9991,32.3896,0.1871,0.3842,0.3200
0.0940,0.9984,35.6260,0.2298,0.2128,46.2400
0.1047,0.9995,39.5698,0.1453,0.2238,5.4252
0.1009,1.0000,38.6872,0.1442,0.0658,11.8202
0.0936,0.9975,51.1307,0.1684,0.1062,21.8440
0.1096,0.9999,41.7586,0.1228,0.1175,16.8245
0.0857,0.9964,54.1546,0.2304,0.2067,2.3390
0.1088,0.9999,38.1517,0.1527,0.3766,7.3972
0.1057,0.9999,43.3787,0.1645,0.0956,2.8202
0.0916,0.9966,52.9240,0.1789,0.2890,0.9159
0.0901,0.9983,49.2909,0.1610,0.2655,0.7980
0.1027,0.9993,34.7157,0.1902,0.3006,6.4526
0.0923,0.9991,41.6617,0.1425,0.1192,10.8966
0.1156,0.9998,37.4426,0.1472,0.3648,17.1037
0.1193,0.9996,43.4904,0.1289,0.0357,4.3719
0.1160,0.9981,41.7833,0.1912,0.2351,12.3609
0.0934,0.9990,37.3292,0.1556,0.1316,57.8883
0.1126,0.9991,41.7348,0.1681,0.2825,13.7453
0.1231,0.9997,43.0592,0.1333,0.2010,0.3478
0.1184,1.0000,38.6238,0.1572,0.3692,1.9780
0.0827,0.9999,31.3035,0.2107,0.3381,30.2462
0.0874,0.9977,39.4986,0.2127,0.2273,10.6730
0.1002,1.0000,39.2662,0.1614,0.4816,15.3241
0.1186,0.9999,31.7659,0.1859,0.1706,17.1264
0.0845,0.9996,32.5853,0.1609,0.0416,46.8038
0.0977,0.9993,36.1123,0.1593,0.2065,53.5500
0.1069,0.9997,39.2942,0.2020,0.2021,5.8266
0.1069,0.9973,47.6568,0.1680,0.1666,0.1859
0.0954,0.9995,33.9487,0.1487,0.0493,59.7004
0.0995,0.9995,35.0545,0.1547,0.1437,3.4823
0.0922,0.9985,36.9096,0.1621,0.3843,4.6415
0.0862,0.9999,32.5674,0.1431,0.4650,13.6549
0.1001,0.9984,39.5217,0.1318,0.0220,51.1022
0.1040,0.9992,43.4183,0.1593,0.2575,14.1841
0.0916,0.9994,33.5191,0.2230,0.2144,55.9395
0.0975,0.9999,35.6985,0.2064,0.2344,39.8006
0.1019,1.0000,39.8872,0.1697,0.1816,2.3600
0.1003,0.9986,35.6092,0.1802,0.3627,5.3268
0.0961,0.9989,32.0598,0.1819,0.1698,52.8369
0.1066,0.9984,39.6786,0.1601,0.3212,14.0385
0.0936,0.9980,48.8130,0.1801,0.2252,0.0270
0.1055,1.0000,32.0126,0.1892,0.4596,24.5109
0.0802,0.9975,40.6733,0.2547,0.3201,59.9708
0.0865,0.9968,50.3202,0.2147,0.4463,9.9232
0.1168,0.9984,40.7290,0.1801,0.2250,8.9357
0.0978,0.9972,51.7300,0.1371,0.2532,13.7228
0.1040,0.9962,56.2777,0.2210,0.1744,2.9561
0.0964,0.9992,39.7865,0.1642,0.2598,1.2425
0.1049,0.9979,46.5805,0.1627,0.1622,3.8151
0.1159,0.9988,47.9541,0.1474,0.1988,3.9829
0.0933,0.9984,37.9159,0.2016,0.1642,52.9931
0.1097,0.9997,36.6854,0.1995,0.3031,14.9684
0.0866,1.0000,38.7818,0.1842,0.5375,15.5118
0.1129,0.9976,58.8490,0.1761,0.2162,1.3992
0.0845,0.9981,37.0927,0.2071,0.2711,52.2381
0.1067,0.9976,49.5521,0.1638,0.1560,12.1921
0.1012,0.9963,47.2286,0.2256,0.2122,0.7494
0.0990,0.9992,36.6910,0.2372,0.3058,8.1860
0.0797,0.9992,34.1941,0.2073,0.0713,52.9196
0.0931,0.9962,53.8991,0.1579,0.0590,4.9126
0.1022,0.9979,36.4645,0.2192,0.2642,13.1895
0.1120,0.9997,47.8537,0.1555,0.2172,10.7458
0.0941,1.0000,36.6898,0.2104,0.1076,8.9530
0.0894,0.9999,32.8749,0.2137,0.1677,47.4846
0.0959,0.9977,46.8288,0.1884,0.1042,26.5437
