0.0525,0.9896,26.5797,0.1500,0.0568,58.3378
0.0647,0.9833,28.2336,0.1652,0.2977,57.1887
0.0738,0.9819,45.9663,0.2452,0.5832,20.3799
0.0150,0.9930,27.8594,0.1747,0.8610,52.1769
0.0426,0.9841,51.1575,0.2590,0.5262,17.6543
0.0806,0.9812,37.3055,0.1939,0.3750,26.3784
0.0332,0.9893,44.9644,0.3233,0.6981,14.1107
0.0339,0.9891,50.7616,0.2816,0.7515,21.8835
0.0719,0.9815,48.3456,0.2752,0.3675,12.5048
0.0426,0.9880,45.3357,0.2490,0.7627,16.7310
0.0576,0.9875,26.0418,0.2698,0.5159,42.9785
0.0432,0.9869,47.1632,0.2316,0.6173,20.3704
0.0372,0.9866,39.1348,0.2624,0.6657,28.0987
0.0673,0.9862,24.8286,0.1807,0.3192,35.3963
0.0989,0.9773,44.7238,0.2152,0.0349,47.2876
0.0461,0.9898,50.6651,0.2800,0.5990,13.4900
0.0595,0.9808,51.5602,0.2166,0.7177,22.8650
0.0385,0.9870,40.8305,0.2413,0.7210,23.7358
0.0695,0.9823,54.2636,0.2741,0.5161,16.3313
0.0348,0.9903,44.1439,0.3238,0.4212,22.5883
0.0444,0.9891,51.7510,0.2761,0.6898,17.2984
0.0559,0.9915,20.4864,0.3160,0.6624,12.7926
0.0671,0.9852,46.0070,0.2728,0.3169,13.0829
0.0584,0.9850,46.7302,0.2614,0.7055,8.4077
0.0708,0.9864,27.4285,0.1848,0.1511,30.8477
0.0755,0.9829,36.3119,0.2800,0.5581,7.0639
0.0857,0.9817,56.9650,0.1916,0.4027,39.3081
0.0614,0.9845,45.8934,0.2340,0.3113,47.5607
0.0235,0.9900,37.0417,0.2338,0.7604,43.1701
0.0849,0.9830,17.5993,0.2462,0.3379,4.4830
0.0539,0.9880,37.2319,0.2247,0.3856,34.3482
0.1010,0.9835,23.8802,0.2140,0.2154,5.0589
0.0769,0.9853,46.5751,0.2384,0.4787,5.4796
0.0920,0.9862,39.5697,0.2209,0.3742,12.2065
0.0701,0.9868,44.1393,0.2128,0.4685,12.8381
0.0582,0.9840,42.6143,0.2913,0.4741,13.8634
0.0496,0.9891,46.3346,0.2040,0.5565,46.5805
0.0615,0.9854,51.7346,0.1891,0.4374,57.7556
0.0526,0.9841,54.3755,0.2738,0.4156,57.9235
0.0452,0.9842,46.6100,0.2239,0.5476,23.9268
0.0492,0.9819,53.4568,0.2434,0.7250,23.9963
0.0734,0.9798,48.4877,0.2591,0.5175,12.7483
0.0944,0.9812,44.5617,0.3047,0.3910,8.1090
0.0546,0.9835,46.5773,0.2948,0.6202,11.9254
0.0581,0.9864,38.5879,0.2761,0.6339,20.3545
0.0094,0.9985,30.6493,0.2852,0.8665,3.5650
0.0719,0.9821,34.8490,0.2500,0.4637,25.6827
0.0517,0.9891,39.6149,0.2073,0.6764,19.0304
0.0609,0.9882,44.2086,0.1821,0.2413,42.2873
0.0707,0.9798,57.2196,0.2512,0.5206,29.5265
0.0731,0.9757,59.4775,0.2271,0.5964,17.4474
0.0438,0.9870,44.0472,0.2488,0.5283,8.7880
0.0838,0.9870,34.2560,0.2959,0.5336,13.2867
0.0760,0.9869,54.7011,0.2324,0.5615,8.8258
0.0615,0.9897,40.4966,0.2282,0.4361,34.3201
0.0835,0.9812,33.5090,0.2036,0.5834,33.9815
0.0746,0.9849,41.0321,0.2573,0.5490,11.9929
0.0457,0.9868,46.2391,0.2642,0.7646,9.3205
0.0747,0.9862,49.1383,0.2507,0.4866,20.3976
0.0477,0.9834,38.0620,0.2602,0.3591,43.0416
0.0782,0.9796,46.9713,0.2492,0.6022,5.1571
0.0665,0.9906,21.3465,0.1811,0.3379,47.3540
0.1211,0.9800,44.9711,0.2022,0.3054,41.4695
0.0572,0.9900,35.9486,0.2658,0.5965,10.8375
0.0353,0.9897,42.8783,0.2781,0.7635,11.8083
0.0524,0.9832,34.3319,0.3017,0.4574,19.9335
0.1037,0.9745,47.4657,0.2094,0.3879,11.5751
0.0748,0.9832,40.5232,0.1699,0.0605,51.4625
0.0436,0.9873,45.7139,0.1737,0.8102,21.7859
0.0395,0.9860,43.8789,0.2993,0.6569,19.4215
0.0453,0.9903,29.4438,0.2204,0.4612,56.0572
0.0339,0.9858,42.9730,0.2596,0.6774,36.5983
0.0247,0.9913,46.3135,0.2569,0.6845,46.3177
0.0743,0.9862,40.3876,0.2993,0.4446,10.1983
0.0603,0.9877,34.6855,0.2205,0.1175,35.6581
0.0577,0.9790,49.3458,0.2550,0.4656,31.2917
0.0511,0.9784,38.5807,0.3154,0.6248,23.1101
0.0662,0.9862,59.4821,0.2708,0.6607,16.4190
0.0572,0.9852,37.5199,0.2376,0.5824,15.2137
0.0705,0.9806,40.7403,0.3054,0.3794,0.1102
0.0444,0.9870,37.9249,0.2560,0.3478,15.4660
0.0957,0.9834,30.1631,0.1927,0.2687,42.2380
0.0752,0.9822,38.2705,0.2213,0.3049,55.4975
0.0703,0.9836,44.7571,0.2390,0.6110,1.9347
0.0518,0.9844,47.4025,0.2746,0.6356,16.2199
0.0451,0.9903,16.3950,0.1563,0.8824,53.1396
0.0530,0.9847,42.1763,0.1970,0.6203,47.6041
0.0416,0.9928,24.3395,0.2434,0.4760,49.7378
0.0711,0.9889,40.8634,0.2435,0.5471,7.7564
0.0611,0.9872,43.3104,0.2682,0.7285,14.0193
0.0670,0.9860,47.3554,0.1957,0.6452,21.1193
0.0602,0.9855,58.4761,0.2955,0.3054,19.2338
0.0505,0.9865,48.9457,0.3133,0.5983,16.2437
0.0817,0.9814,50.8151,0.2630,0.3855,19.8221
0.0566,0.9850,26.5671,0.2389,0.3878,41.9987
0.0722,0.9827,42.1813,0.2747,0.6786,20.7527
0.0440,0.9898,29.4215,0.2671,0.3286,20.9277
0.0477,0.9857,55.0976,0.3561,0.5176,14.5186
0.0921,0.9750,54.1428,0.2344,0.3930,15.3383
0.1086,0.9753,40.7531,0.2115,0.1744,6.6272
0.0476,0.9864,32.4777,0.2879,0.4336,49.3588
0.0348,0.9856,37.9740,0.2795,0.5206,19.0693
0.0577,0.9880,31.6184,0.2330,0.4518,5.6097
0.0395,0.9911,41.9612,0.2609,0.4809,44.8379
0.0741,0.9891,34.0797,0.2614,0.5977,9.5108
0.0354,0.9933,37.3317,0.3277,0.5975,14.8493
0.0807,0.9866,31.5935,0.1614,0.6954,23.1518
0.0549,0.9860,46.3252,0.2771,0.4858,13.4586
0.0611,0.9802,46.3358,0.2119,0.2373,44.2959
0.0919,0.9786,43.6829,0.2643,0.2276,19.8236
0.0553,0.9887,42.3789,0.2485,0.4803,20.0507
0.0862,0.9803,40.6917,0.1917,0.3945,35.2771
0.0419,0.9864,52.7314,0.2600,0.6712,13.2071
0.0306,0.9887,34.8315,0.2878,0.6863,32.6896
0.0582,0.9898,46.1149,0.2077,0.7608,6.0602
0.0520,0.9859,51.3300,0.3203,0.4852,12.8813
0.0566,0.9896,44.2565,0.2211,0.3948,29.2947
0.0347,0.9865,36.1245,0.2127,0.4107,38.0848
0.0715,0.9818,42.4343,0.2395,0.2307,3.2662
0.0494,0.9807,57.4639,0.2334,0.4056,48.1221
0.0472,0.9862,46.0534,0.2848,0.4715,6.6981
0.0686,0.9832,56.3866,0.2108,0.6984,17.3550
0.0751,0.9837,54.3545,0.2555,0.5453,16.2700
0.0888,0.9782,39.1528,0.2994,0.6352,19.3959
0.0307,0.9897,40.9567,0.2749,0.4121,30.3004
0.0556,0.9832,32.9519,0.1844,0.2881,55.4753
0.0430,0.9879,31.5554,0.2250,0.6686,13.3257
0.0401,0.9919,50.9364,0.3103,0.6551,24.8163
0.0651,0.9839,33.2198,0.1772,0.4389,45.0914
0.0336,0.9901,48.9062,0.3166,0.5902,26.2465
0.0556,0.9835,44.7853,0.2502,0.3535,40.5130
0.0322,0.9927,45.0799,0.3389,0.7676,12.2762
0.0832,0.9853,37.1035,0.2010,0.5353,9.6994
0.0442,0.9877,39.5307,0.2233,0.6186,45.6430
0.0844,0.9782,47.2591,0.2754,0.5155,16.9474
0.0746,0.9869,30.5409,0.1703,0.0996,56.6346
0.0554,0.9861,41.4960,0.2443,0.3409,46.0807
0.0618,0.9922,24.3061,0.3127,0.5946,17.1292
0.0703,0.9839,47.3963,0.2678,0.4241,1.1186
0.0524,0.9889,24.5550,0.1519,0.7836,30.4755
0.0662,0.9781,42.3821,0.2392,0.2925,38.0548
0.0780,0.9806,35.8283,0.2476,0.3635,38.2128
0.0396,0.9845,41.8032,0.3342,0.6742,17.1152
0.0171,0.9945,59.4348,0.2705,0.7961,17.2868
0.0359,0.9885,56.5963,0.2287,0.6286,16.1722
0.0513,0.9823,32.9975,0.2517,0.5300,34.0226
0.0539,0.9872,38.9890,0.2461,0.3870,49.6222
0.0743,0.9841,54.2713,0.2747,0.4709,21.4340
0.0712,0.9834,34.4581,0.2349,0.4464,57.2065
0.0315,0.9926,35.5186,0.1990,0.8655,6.6872
0.0267,0.9915,56.6359,0.3135,0.7428,7.2581
0.0378,0.9917,25.4217,0.2365,0.4494,42.7977
0.0438,0.9869,26.7383,0.2223,0.6485,24.6111
0.0072,0.9986,54.6973,0.2218,0.8675,46.3349
0.0902,0.9805,34.4396,0.1778,0.2238,59.5305
0.0824,0.9849,42.1464,0.1640,0.4272,19.7570
0.0702,0.9844,38.3571,0.1936,0.3102,22.4017
0.0880,0.9862,20.9129,0.1487,0.1757,40.1629
0.0867,0.9853,39.0203,0.2101,0.3109,13.3202
0.0798,0.9865,32.7460,0.2138,0.2865,47.0921
0.0651,0.9879,37.8031,0.2154,0.2757,40.9416
0.0697,0.9825,34.4110,0.2547,0.4879,51.6906
0.0382,0.9880,52.8098,0.1973,0.8672,21.2049
0.0578,0.9898,57.5120,0.2485,0.2758,36.0546
0.0398,0.9872,40.6740,0.2941,0.6753,7.7249
0.0665,0.9846,50.5155,0.2297,0.4670,27.8920
0.0512,0.9828,54.7989,0.2600,0.5106,37.0797
0.0820,0.9885,41.8476,0.2643,0.5788,7.9797
0.0749,0.9863,42.5375,0.2232,0.5451,17.7364
0.0712,0.9876,48.4333,0.3131,0.5375,16.9297
0.0604,0.9829,44.2098,0.2607,0.3329,38.5141
0.0600,0.9860,40.6473,0.2538,0.4657,22.5636
0.0934,0.9719,38.3828,0.1812,0.3394,53.9240
0.0896,0.9789,40.0811,0.2490,0.5181,16.8191
0.0736,0.9834,23.9429,0.1841,0.4223,44.5106
0.0542,0.9852,53.4016,0.2644,0.3773,52.6176
0.0227,0.9900,57.1533,0.2916,0.8181,19.6583
0.0567,0.9909,42.3350,0.2415,0.4738,16.4950
0.0421,0.9874,51.6309,0.3125,0.6033,21.4646
0.0776,0.9782,54.5688,0.1865,0.2906,19.6794
0.0486,0.9866,54.8615,0.2986,0.6237,16.9693
0.0540,0.9846,49.1628,0.2740,0.6066,18.8979
0.0616,0.9895,18.2158,0.2095,0.2645,19.5812
0.0273,0.9869,43.2804,0.2618,0.7183,36.2320
0.0395,0.9861,37.5816,0.1727,0.7644,22.3193
0.0709,0.9844,44.6503,0.1864,0.1086,53.6263
0.0844,0.9801,44.9258,0.2371,0.5514,18.7133
0.0957,0.9785,50.6657,0.2369,0.3467,10.0108
0.0825,0.9741,38.0813,0.1943,0.3993,42.9668
0.0456,0.9849,43.9198,0.2047,0.3819,43.5263
0.0250,0.9927,40.6345,0.2454,0.8122,6.4587
0.0580,0.9777,47.8530,0.2854,0.2068,13.7753
0.0880,0.9870,22.1876,0.2232,0.2392,20.3978
0.0799,0.9791,32.4321,0.2583,0.4366,31.8110
0.0395,0.9899,41.6442,0.2265,0.7450,26.5814
0.0802,0.9818,36.1832,0.2911,0.5439,16.0659
0.0345,0.9909,39.7051,0.2681,0.6617,11.1138
0.0535,0.9919,42.8691,0.2717,0.4789,36.1388
0.0651,0.9849,46.6719,0.2170,0.1463,24.8281
0.0495,0.9855,37.9332,0.2239,0.5638,53.4717
0.0368,0.9912,38.1940,0.3044,0.6760,7.1626
0.0679,0.9868,44.4784,0.1853,0.3378,45.0153
0.0681,0.9801,43.1167,0.1919,0.2780,38.3745
0.0502,0.9865,52.3727,0.3082,0.5773,3.8629
0.0514,0.9871,49.0712,0.2539,0.4922,56.2747
0.0632,0.9863,38.9011,0.2064,0.3510,12.1189
0.0822,0.9796,38.3270,0.2059,0.2909,37.7703
0.0714,0.9828,38.1029,0.2142,0.1714,30.6036
0.0541,0.9868,47.5290,0.3235,0.4444,14.7289
0.0283,0.9923,26.5759,0.3073,0.5623,32.8739
0.0363,0.9877,38.5025,0.2870,0.6769,36.2547
0.0578,0.9891,34.8435,0.2604,0.6438,5.0429
0.0526,0.9892,36.1790,0.1962,0.5407,17.5037
0.0229,0.9933,31.0005,0.1476,0.9006,39.0276
0.0535,0.9852,35.8322,0.1730,0.7346,24.2628
0.0237,0.9936,15.0313,0.3484,0.6772,13.4269
0.0543,0.9835,51.6480,0.2243,0.3570,47.7629
0.0559,0.9888,36.9153,0.2611,0.5299,18.9794
0.0658,0.9767,43.2771,0.2009,0.5811,30.2746
0.0030,0.9999,48.7515,0.2630,0.8518,4.8258
0.0807,0.9811,54.3040,0.2309,0.3686,28.9107
0.0851,0.9817,47.1716,0.2706,0.3719,20.8922
0.0491,0.9817,51.8141,0.2503,0.6295,36.8043
0.0615,0.9854,25.0077,0.1694,0.4401,59.4412
0.0476,0.9846,47.4018,0.2605,0.7018,34.6682
0.0817,0.9786,40.9105,0.2518,0.4415,24.8304
0.0733,0.9840,39.2950,0.1833,0.2523,15.2519
0.0273,0.9920,37.9414,0.2091,0.7801,9.6799
0.0406,0.9830,49.5603,0.2264,0.6734,51.9536
0.0538,0.9859,36.9375,0.2897,0.3341,13.5402
0.0566,0.9876,53.3215,0.2321,0.4556,17.9718
0.0713,0.9796,41.8798,0.2498,0.4414,30.2727
0.0923,0.9885,32.1912,0.2049,0.4017,26.3871
0.0733,0.9798,38.3539,0.2566,0.3273,33.2379
0.0617,0.9859,52.1159,0.2609,0.6502,7.2176
0.0905,0.9815,36.0627,0.2488,0.3044,21.2989
0.0914,0.9808,15.3214,0.1684,0.0881,55.8295
0.0272,0.9880,27.1200,0.3103,0.5900,41.8044
0.0784,0.9819,39.6607,0.2017,0.4258,43.5364
0.0477,0.9855,54.2121,0.2656,0.4719,19.6790
0.0675,0.9834,14.2820,0.1704,0.3088,26.9019
0.0693,0.9882,41.1118,0.2089,0.4664,58.5044
0.1027,0.9754,29.8503,0.2215,0.2450,10.6028
0.0384,0.9895,22.9558,0.2975,0.6193,40.0275
0.0640,0.9860,41.5332,0.2975,0.6037,18.9038
0.0598,0.9805,40.1337,0.1888,0.6258,25.5087
0.0331,0.9907,36.5135,0.2354,0.6750,45.5287
0.0755,0.9828,48.7011,0.1869,0.5387,24.0707
0.0374,0.9899,39.8196,0.2655,0.3485,39.3563
0.0360,0.9895,42.6887,0.2343,0.6208,30.7637
0.0726,0.9856,28.0395,0.1899,0.4035,52.2246
0.0316,0.9900,47.5163,0.3018,0.6267,13.0742
0.0485,0.9802,58.7236,0.2276,0.3801,38.3924
0.0643,0.9857,44.7604,0.2766,0.5731,15.8015
0.0825,0.9823,50.5909,0.2068,0.2967,42.3477
0.0763,0.9840,31.4723,0.1811,0.0846,57.4974
0.0363,0.9903,33.9695,0.2331,0.7547,15.7395
0.0383,0.9858,58.5894,0.2799,0.6684,23.9066
0.0672,0.9787,45.0708,0.1291,0.3258,47.6133
0.0488,0.9888,42.6065,0.2810,0.4291,14.2226
0.0719,0.9871,41.9228,0.2292,0.1864,17.3186
0.0486,0.9902,18.1022,0.2570,0.1397,48.4613
0.0467,0.9845,48.3540,0.2970,0.5882,13.7372
0.0338,0.9923,23.8985,0.2618,0.7541,0.3924
0.0467,0.9870,41.8947,0.2482,0.4493,36.0933
0.0598,0.9855,29.9378,0.2011,0.3944,45.8912
0.0997,0.9749,51.7449,0.2075,0.2086,3.8861
0.0357,0.9876,48.3186,0.2539,0.5034,34.5590
0.0595,0.9837,42.7030,0.2245,0.1964,42.4388
0.0328,0.9859,44.9342,0.3146,0.6597,29.2545
0.0558,0.9855,44.5947,0.2828,0.4479,27.8674
0.0911,0.9817,42.4429,0.2134,0.2488,14.4904
0.0396,0.9855,50.8570,0.2456,0.4421,45.7907
0.0371,0.9923,28.2673,0.2737,0.4726,54.9622
0.0442,0.9898,35.9772,0.2457,0.4380,34.8116
0.0752,0.9808,35.1550,0.2491,0.4612,11.9196
0.0540,0.9824,45.7837,0.1929,0.3821,47.6915
0.0744,0.9796,46.0801,0.1920,0.2386,35.0337
0.0820,0.9894,34.8637,0.1966,0.3248,9.7662
0.0561,0.9871,46.1361,0.2359,0.7606,29.4194
0.0487,0.9893,36.0817,0.2601,0.6700,23.2569
0.0768,0.9864,48.0196,0.2239,0.1549,57.9608
0.0628,0.9874,28.9479,0.3251,0.5160,10.2456
0.0559,0.9871,46.8205,0.2436,0.3566,13.9226
0.0681,0.9810,49.7326,0.2228,0.4382,15.7868
0.0283,0.9878,44.5924,0.2839,0.7937,11.0924
0.0457,0.9874,25.3876,0.2048,0.6406,34.9191
0.0628,0.9888,40.9236,0.2893,0.7280,16.0983
0.0578,0.9841,44.6687,0.2534,0.1922,28.7753
0.0459,0.9864,37.7917,0.2939,0.6471,8.8506
0.0462,0.9885,41.6182,0.3085,0.2654,20.7940
0.0637,0.9906,24.1747,0.2150,0.3896,20.3467
0.0697,0.9789,44.8636,0.2665,0.3659,28.6265
0.0586,0.9895,19.3967,0.2456,0.4114,7.1783
0.0782,0.9834,32.6527,0.2134,0.3176,18.1904
0.0697,0.9802,52.9376,0.2390,0.1864,53.7454
0.0942,0.9804,22.3962,0.2196,0.1602,52.5707
0.0297,0.9897,29.8607,0.2427,0.5458,45.1218
0.0835,0.9889,33.8056,0.2653,0.3258,45.5130
0.0705,0.9801,49.9402,0.1567,0.5347,49.3420
0.0641,0.9847,51.7410,0.2400,0.4000,36.0359
0.0872,0.9793,32.9087,0.1798,0.0392,39.0983
0.0434,0.9873,40.9001,0.2525,0.3579,15.5135
0.0659,0.9873,32.9781,0.2311,0.5456,8.8081
0.0524,0.9861,47.3712,0.2375,0.5866,16.9930
0.0632,0.9837,51.6987,0.2853,0.4760,8.1420
0.0753,0.9856,23.9643,0.2258,0.2523,24.0960
0.0385,0.9882,25.7211,0.2285,0.5935,30.0819
0.0834,0.9868,33.9728,0.2707,0.4198,8.4181
0.0390,0.9890,42.1441,0.1831,0.8144,42.4165
0.0512,0.9886,31.2453,0.2258,0.5350,46.9224
0.0554,0.9855,41.0284,0.2152,0.6125,27.6627
0.0362,0.9867,40.2774,0.3155,0.5656,8.4966
0.0731,0.9873,37.0313,0.2209,0.4038,20.3848
0.0436,0.9886,31.0115,0.2545,0.2166,23.6715
0.0974,0.9863,37.2814,0.2391,0.2399,28.9821
0.0793,0.9851,41.1622,0.2599,0.4330,56.9585
0.0725,0.9787,47.1577,0.1945,0.3156,46.5915
0.0318,0.9928,40.8567,0.3108,0.7250,15.1215
0.0899,0.9746,51.3067,0.1795,0.3798,17.5406
0.0842,0.9874,45.5562,0.2349,0.3640,13.7588
0.0796,0.9875,39.5414,0.1856,0.3565,58.0140
0.0546,0.9843,46.7351,0.2237,0.4057,21.3508
0.0576,0.9875,44.6588,0.2039,0.7858,7.9160
0.0638,0.9841,35.5621,0.2810,0.6791,10.5513
0.0438,0.9901,23.8808,0.2835,0.5613,12.0648
0.0099,0.9985,51.9127,0.2520,0.9343,5.4719
0.0697,0.9874,31.0270,0.1727,0.2751,49.1884
0.0502,0.9821,51.0093,0.2241,0.4284,36.5439
0.0558,0.9877,32.9461,0.1971,0.3119,51.6039
0.1023,0.9795,36.2416,0.2017,0.3104,50.6030
0.0956,0.9756,51.5965,0.2128,0.5520,17.7874
0.0599,0.9884,48.3201,0.2444,0.5072,19.2007
0.0779,0.9826,37.9129,0.2418,0.4743,18.4543
0.0328,0.9892,36.4875,0.2569,0.6688,52.7998
0.0565,0.9827,53.2998,0.2321,0.3532,2.8507
0.0906,0.9818,40.8064,0.2270,0.1930,32.7384
0.0434,0.9834,51.3093,0.3199,0.6974,12.1375
0.0452,0.9857,45.3571,0.3467,0.5113,0.7455
0.0309,0.9923,47.1872,0.2362,0.7805,22.7433
0.0224,0.9941,25.2692,0.1761,0.8684,39.0943
0.0817,0.9809,43.6133,0.2521,0.4499,20.2330
0.0598,0.9869,20.3982,0.2477,0.5220,35.6523
0.0396,0.9848,56.6126,0.2586,0.7466,19.9915
0.0516,0.9858,52.7746,0.2351,0.6144,20.6441
0.0886,0.9819,43.3682,0.2504,0.1926,26.8264
0.0787,0.9911,31.2051,0.2559,0.3487,25.9726
0.0468,0.9853,42.7558,0.2213,0.3367,32.4952
0.0638,0.9820,31.2640,0.2019,0.1308,47.2783
0.0604,0.9831,38.2314,0.3197,0.5357,11.2688
0.0698,0.9854,40.7666,0.2796,0.4660,23.6119
0.0379,0.9904,40.8526,0.2475,0.7174,8.5734
0.0666,0.9826,48.9927,0.2362,0.4819,3.9284
0.0689,0.9848,42.0956,0.2206,0.4846,16.5511
0.0683,0.9815,45.2333,0.2010,0.4384,42.8786
0.0648,0.9935,46.0648,0.2456,0.5177,19.9451
0.0659,0.9877,35.4922,0.2400,0.6244,16.9478
0.0576,0.9847,37.8290,0.2494,0.3404,20.2493
0.0421,0.9907,34.5048,0.2796,0.5508,21.6722
0.0925,0.9838,45.2398,0.2112,0.2904,38.8274
0.0549,0.9839,36.0731,0.2182,0.5229,13.7721
0.0407,0.9872,51.8135,0.3365,0.6783,20.8115
0.0738,0.9882,40.7932,0.2569,0.5046,15.6192
0.0973,0.9717,48.4917,0.2105,0.5709,12.9023
0.0377,0.9885,29.2483,0.2413,0.3424,8.5234
0.0155,0.9932,36.8393,0.2850,0.7693,34.0603
0.0758,0.9800,55.7736,0.3014,0.4062,18.8846
0.0552,0.9840,47.5653,0.2402,0.3925,25.4873
0.0561,0.9851,45.1659,0.2793,0.4804,18.0311
0.0890,0.9816,42.5383,0.2331,0.4212,17.5228
0.0623,0.9854,41.7336,0.2356,0.2456,44.3891
0.0676,0.9846,52.9313,0.2380,0.1911,19.1349
0.0382,0.9886,41.6258,0.3207,0.5722,32.3538
0.0646,0.9845,43.4101,0.1874,0.1538,45.6708
0.0718,0.9815,48.9669,0.1845,0.3773,23.1181
0.0153,0.9951,41.5371,0.1656,0.9221,32.6354
0.1051,0.9767,50.7822,0.2796,0.4076,3.1968
0.0845,0.9841,24.8714,0.2025,0.3173,54.7801
0.0278,0.9927,44.2412,0.2280,0.7850,14.7348
0.0577,0.9817,47.7494,0.2400,0.4238,16.8863
0.0704,0.9828,50.0503,0.3078,0.4707,0.0015
0.0756,0.9819,57.0250,0.3063,0.6386,4.3133
0.0731,0.9831,41.7771,0.2020,0.6374,15.1896
0.0082,0.9960,57.3152,0.2429,0.8681,4.4479
0.0787,0.9850,45.4062,0.2337,0.4929,18.1823
0.0479,0.9863,41.4847,0.2319,0.3232,40.2109
0.0598,0.9889,40.9791,0.2258,0.2452,19.7864
0.0752,0.9759,54.2980,0.2155,0.2112,38.5371
0.0587,0.9822,58.9827,0.2254,0.6610,43.8648
0.0794,0.9746,51.8557,0.2570,0.3738,25.3665
0.0041,0.9996,32.3116,0.2798,0.8682,32.7351
0.0178,0.9934,50.3669,0.2554,0.8614,18.8008
0.0569,0.9802,49.6188,0.2200,0.6437,37.7548
0.0863,0.9763,49.2523,0.2132,0.5777,12.0770
0.0858,0.9829,43.3245,0.1909,0.7367,1.1681
0.0526,0.9832,54.7535,0.2387,0.2289,46.0671
0.0596,0.9858,39.4259,0.2429,0.5657,14.2867
0.0242,0.9940,36.5538,0.2776,0.7529,29.6436
0.0530,0.9873,50.8416,0.2424,0.7388,17.6389
0.0300,0.9902,37.1896,0.3096,0.5864,24.1205
0.0703,0.9791,49.6023,0.2494,0.3424,2.1883
0.0791,0.9854,50.3689,0.2534,0.5029,6.3920
0.0246,0.9957,20.2266,0.3276,0.7827,14.6546
0.0627,0.9873,42.0089,0.2347,0.3996,16.5738
0.0811,0.9777,45.6854,0.2230,0.2489,27.6363
0.0624,0.9816,42.6529,0.2138,0.5473,31.2417
0.0922,0.9802,42.7047,0.1512,0.4161,29.9499
0.0441,0.9898,40.1414,0.2809,0.5733,45.4978
0.0439,0.9881,40.0539,0.1836,0.6267,57.8010
0.0965,0.9792,14.9195,0.2019,0.0111,49.3144
0.0515,0.9841,46.6389,0.2586,0.2355,42.9476
0.0696,0.9839,34.4437,0.3085,0.3906,7.2132
0.0720,0.9821,46.0842,0.2715,0.5359,19.8747
0.0509,0.9909,20.4840,0.2056,0.6401,45.4567
0.0920,0.9797,51.5284,0.2534,0.3647,13.1227
0.0494,0.9874,44.9898,0.2331,0.5583,59.0120
0.0892,0.9777,55.6506,0.2042,0.1223,41.5471
0.0633,0.9835,37.3756,0.2519,0.5177,17.2804
0.0653,0.9893,34.1238,0.2768,0.2500,17.3422
0.0734,0.9801,39.1321,0.2976,0.3750,2.0597
0.0577,0.9835,33.6890,0.2417,0.6935,40.0819
0.0750,0.9796,54.0100,0.2522,0.3821,13.2819
0.0708,0.9839,39.1948,0.1475,0.1767,52.8502
0.0613,0.9858,53.0443,0.2653,0.4790,24.1604
0.0612,0.9846,23.0044,0.2352,0.5301,40.7064
0.0501,0.9884,42.4395,0.2692,0.4242,26.9538
0.0715,0.9804,37.8030,0.2295,0.0794,45.2062
0.0716,0.9839,34.5784,0.1884,0.0171,59.8088
0.0478,0.9882,19.1598,0.2806,0.4069,25.6004
0.0862,0.9862,44.6802,0.2167,0.1464,52.7911
0.0414,0.9889,26.1263,0.2715,0.6679,18.3849
0.0213,0.9914,55.0745,0.2336,0.8705,16.7826
0.0639,0.9846,32.1527,0.2222,0.3055,25.8152
0.0654,0.9871,43.8653,0.1998,0.6359,6.8153
0.0536,0.9886,32.5573,0.1819,0.4745,24.5712
0.0540,0.9847,32.4050,0.2095,0.6992,15.0066
0.0582,0.9847,45.2021,0.2901,0.6876,6.6957
0.0770,0.9836,46.7260,0.2170,0.4670,21.9524
0.0432,0.9874,46.6574,0.2288,0.3027,17.8862
0.0734,0.9761,40.2438,0.2443,0.6159,38.4047
0.0643,0.9774,53.3521,0.2300,0.5734,30.2497
0.0836,0.9839,42.3458,0.1987,0.0395,33.5028
0.0561,0.9887,26.8209,0.2808,0.4101,34.1433
0.0680,0.9832,41.0111,0.2331,0.3243,15.2333
0.0365,0.9929,17.3782,0.2026,0.6106,52.3538
0.0403,0.9870,39.2975,0.2639,0.7773,27.4886
0.0823,0.9882,32.6217,0.2115,0.1315,47.2399
0.0647,0.9855,50.7775,0.3131,0.5047,19.0972
0.0696,0.9820,39.8237,0.2127,0.2701,36.0278
0.0826,0.9745,39.9207,0.2239,0.3840,42.5565
0.0905,0.9816,48.9643,0.2690,0.4624,5.8082
0.0045,0.9988,54.7936,0.1118,0.9480,17.8372
0.0820,0.9865,38.4191,0.2564,0.2827,7.8186
0.0703,0.9816,39.1908,0.1891,0.2273,51.0743
0.0072,1.0000,47.8833,0.3880,0.9164,30.7754
0.0241,0.9935,47.6660,0.2245,0.9088,15.0425
0.0656,0.9872,32.5929,0.1767,0.5433,59.2144
0.0677,0.9832,33.6496,0.2443,0.2131,45.4098
0.0852,0.9787,51.8465,0.2303,0.4207,13.6172
0.0407,0.9898,48.8590,0.2504,0.8237,36.4647
0.0593,0.9872,45.7363,0.2140,0.6033,15.2180
0.0598,0.9871,49.3958,0.2341,0.4514,11.3322
0.0433,0.9884,33.2973,0.3192,0.6645,23.1964
0.0402,0.9838,32.3798,0.2756,0.5770,45.5748
0.0616,0.9809,29.0026,0.2170,0.2848,32.6624
0.0312,0.9913,25.3229,0.2007,0.8135,19.1668
0.0361,0.9886,55.0045,0.3458,0.6382,17.9587
0.0378,0.9920,39.7094,0.3683,0.7026,18.8567
0.0749,0.9817,47.2098,0.2624,0.5941,25.5694
0.0441,0.9886,21.1729,0.2001,0.6356,49.1915
0.0801,0.9840,46.0551,0.1997,0.0897,53.3845
0.0348,0.9891,37.9351,0.2527,0.4246,37.5547
0.0402,0.9864,46.5671,0.3557,0.4720,23.7051
0.0919,0.9809,50.8838,0.2159,0.4227,14.1316
0.0212,0.9899,46.6632,0.2018,0.7407,53.5689
0.0911,0.9767,30.9630,0.1493,0.2147,55.4393
0.0438,0.9920,17.5231,0.2066,0.3879,46.0526
0.0585,0.9828,45.4162,0.2538,0.5524,24.5629
0.0393,0.9870,47.0796,0.2817,0.5252,45.1494
0.0532,0.9857,33.5574,0.2913,0.5924,4.8554
0.0953,0.9780,47.3013,0.1578,0.2565,21.9197
0.0848,0.9848,44.8645,0.2251,0.2909,8.9199
0.0468,0.9846,45.1260,0.1966,0.4470,32.2821
0.0344,0.9869,41.0450,0.2597,0.7472,57.6044
0.0722,0.9853,41.4350,0.2520,0.6033,13.1979
0.0459,0.9873,42.2658,0.2542,0.4799,13.6620
0.0587,0.9790,52.4438,0.2054,0.2962,47.1697
0.0373,0.9903,43.0420,0.2421,0.5291,53.7275
0.0703,0.9814,47.3844,0.2026,0.1671,59.0612
0.0207,0.9931,40.7682,0.3021,0.7978,10.4110
0.0241,0.9933,41.6843,0.2274,0.7198,45.7240
0.0515,0.9885,37.7997,0.2112,0.4963,14.6960
0.0728,0.9837,34.2200,0.2122,0.3353,2.8660
0.1037,0.9798,37.6641,0.1965,0.2496,20.9035
0.0735,0.9835,33.0897,0.1855,0.4540,40.3967
0.0333,0.9889,48.5525,0.1961,0.7119,15.2230
0.0615,0.9849,46.8046,0.2447,0.2348,19.3528
0.1010,0.9784,45.4996,0.1835,0.3085,6.3580
0.0657,0.9855,42.1312,0.2180,0.4578,42.2718
0.0782,0.9798,40.1547,0.1566,0.1983,57.7922
0.0090,0.9978,34.1244,0.1680,0.9195,38.4312
0.1080,0.9816,44.1115,0.1951,0.3269,9.0586
0.0691,0.9794,42.2905,0.2282,0.4670,45.6459
0.0762,0.9826,46.4918,0.2118,0.5161,39.1725
0.0518,0.9861,45.3627,0.2469,0.5672,29.0012
0.0594,0.9804,45.6047,0.3093,0.6081,14.1872
0.0710,0.9809,47.2819,0.1879,0.4542,21.0722
0.0491,0.9871,43.7059,0.2883,0.5998,21.2600
0.0766,0.9868,37.7283,0.2155,0.2314,53.8873
0.0513,0.9930,22.4678,0.2173,0.3633,34.8823
0.0808,0.9826,45.1301,0.2795,0.6247,14.3439
0.0960,0.9828,42.3451,0.1971,0.1342,22.3740
0.0723,0.9834,44.0341,0.2675,0.5312,9.8006
0.0674,0.9843,37.8937,0.2286,0.2092,48.8810
0.0627,0.9868,34.4013,0.2500,0.6980,27.7952
0.1026,0.9810,51.0870,0.2489,0.3448,4.3502
0.0631,0.9884,38.0632,0.2782,0.4985,12.6564
0.0587,0.9914,22.3115,0.1860,0.3135,49.5791
0.0231,0.9887,48.2266,0.2132,0.8442,24.4594
0.0566,0.9841,50.3782,0.2448,0.4659,57.6457
0.0660,0.9847,31.8653,0.2502,0.4493,5.9560
0.0436,0.9861,58.0951,0.2528,0.4051,30.3246
0.0559,0.9853,43.3793,0.2642,0.5930,35.5947
0.0617,0.9818,45.0716,0.2164,0.4789,26.2277
0.0917,0.9755,48.4179,0.1588,0.2332,38.6315
0.0210,0.9924,38.6640,0.1740,0.8315,49.5941
0.0661,0.9829,40.1405,0.2766,0.4954,38.3597
0.0489,0.9893,29.2451,0.2409,0.2286,12.4073
0.0491,0.9842,46.2489,0.2617,0.6441,15.1149
0.0601,0.9834,41.1807,0.2540,0.4424,32.8916
0.0595,0.9877,39.2146,0.2200,0.5462,17.8976
0.0503,0.9884,38.1879,0.2350,0.6778,14.9744
0.0905,0.9763,42.1637,0.1869,0.5470,15.3561
0.0907,0.9863,31.8403,0.1905,0.3559,51.8132
0.0740,0.9865,44.3403,0.1840,0.3317,45.0563
0.0589,0.9862,56.1657,0.2004,0.7323,21.4010
0.0588,0.9877,27.2093,0.2288,0.2676,21.7430
0.0715,0.9829,45.4612,0.2245,0.6600,33.6911
0.0596,0.9848,38.4424,0.1537,0.3818,49.2531
0.0226,0.9947,23.1557,0.3068,0.8042,17.0635
0.0788,0.9826,46.4502,0.2252,0.1450,27.6584
0.0556,0.9852,48.0548,0.1848,0.4040,50.4178
0.0584,0.9893,37.5121,0.2883,0.4619,22.1126
0.0474,0.9851,39.5014,0.1996,0.4894,44.3792
0.0350,0.9902,51.2367,0.2590,0.6846,29.3292
0.0467,0.9883,31.8812,0.2141,0.3284,43.3086
0.0732,0.9834,38.0538,0.2018,0.5156,15.1595
0.0947,0.9796,41.5766,0.2644,0.5078,16.7741
0.0603,0.9862,40.3629,0.2378,0.3413,23.1641
0.0446,0.9877,52.0978,0.3154,0.6835,17.6552
0.0489,0.9922,18.7523,0.2810,0.6317,15.6394
0.0482,0.9860,26.2018,0.2284,0.6298,21.5425
0.0800,0.9829,44.0797,0.3059,0.6084,1.2588
0.0335,0.9893,39.0572,0.3743,0.7243,10.3718
0.0544,0.9857,48.7136,0.2057,0.3544,48.9744
0.0521,0.9854,54.5843,0.1743,0.6762,31.1026
0.0303,0.9903,23.7481,0.1189,0.8689,59.6622
0.0120,0.9966,42.4936,0.1379,0.9356,25.7280
0.0581,0.9889,46.2288,0.2298,0.4857,50.0670
0.0769,0.9804,44.9147,0.2705,0.4858,17.5714
0.0407,0.9854,48.3803,0.2258,0.7694,14.4384
0.0813,0.9861,32.3776,0.1639,0.6236,15.2631
0.0373,0.9867,54.1767,0.2180,0.6427,35.9817
0.0651,0.9832,49.0681,0.2485,0.5298,42.2923
0.0334,0.9892,27.7233,0.2324,0.6983,38.6783
0.0652,0.9780,47.3485,0.2002,0.4193,54.4802
0.0728,0.9845,37.4409,0.2055,0.4835,43.1810
0.0924,0.9862,31.4892,0.1652,0.2170,53.5037
0.0666,0.9822,40.4596,0.1957,0.2031,21.8971
0.0700,0.9840,49.6347,0.2187,0.7577,13.1185
0.0817,0.9860,27.3850,0.1594,0.1973,54.7161
0.1111,0.9836,39.0806,0.2040,0.4737,4.8814
0.0614,0.9841,20.5639,0.2105,0.7039,34.9570
0.0393,0.9927,22.2885,0.1589,0.8357,40.3499
0.0708,0.9808,43.5415,0.1984,0.6185,2.3032
0.0583,0.9853,21.7030,0.2057,0.7642,44.7008
0.0484,0.9875,40.0917,0.1826,0.6843,49.1014
0.1041,0.9753,30.2024,0.1617,0.1578,41.1140
0.0576,0.9843,48.7809,0.2080,0.3055,27.9250
0.0809,0.9806,34.9006,0.2630,0.5475,9.8176
0.0420,0.9892,54.2002,0.2691,0.6380,28.9048
0.0540,0.9914,20.2097,0.2258,0.3801,40.7250
0.0770,0.9785,40.6624,0.2294,0.2425,58.1909
0.0182,0.9961,32.2725,0.3168,0.7706,1.2837
0.0894,0.9786,42.2740,0.2317,0.2669,7.7320
0.0505,0.9865,41.5878,0.2548,0.7715,23.5094
0.0897,0.9759,39.2856,0.2056,0.3669,52.4318
0.0494,0.9878,36.7375,0.2419,0.4788,25.2491
0.0790,0.9792,51.8530,0.1900,0.3618,23.1426
0.0606,0.9839,37.0711,0.2219,0.6370,43.2609
0.0791,0.9803,46.6557,0.2208,0.4276,24.9637
0.0366,0.9893,33.9723,0.2625,0.5272,19.7778
0.0290,0.9915,51.2036,0.1631,0.8757,39.0158
0.0204,0.9913,56.4742,0.2709,0.7846,16.4051
0.0670,0.9813,43.1124,0.2408,0.2402,45.0555
0.0459,0.9866,42.1281,0.2642,0.3157,39.0644
0.0639,0.9877,50.1749,0.2421,0.2826,45.0315
0.0397,0.9853,52.0175,0.2640,0.6577,35.6511
0.0186,0.9956,37.1500,0.0963,0.9710,13.4134
0.0916,0.9855,40.7226,0.2205,0.2819,14.8422
0.1203,0.9733,45.0067,0.1678,0.1647,15.2666
0.0274,0.9920,43.7975,0.1991,0.8667,28.6302
0.0409,0.9882,27.6082,0.1721,0.8187,35.4007
0.0514,0.9877,37.5637,0.2175,0.3841,22.9236
0.0301,0.9884,27.3291,0.3522,0.5296,17.0874
0.0723,0.9835,50.7855,0.2119,0.2704,2.6403
0.0585,0.9863,22.8115,0.2501,0.1689,34.7451
0.0765,0.9832,28.7960,0.1329,0.4680,47.7504
0.0422,0.9869,50.7342,0.2799,0.6544,16.5885
0.0547,0.9808,42.7773,0.2438,0.4771,41.5409
0.0634,0.9872,41.4536,0.2394,0.7812,15.9984
0.0428,0.9870,49.5277,0.2161,0.5733,27.4789
0.0485,0.9873,45.1779,0.2144,0.4630,58.4381
0.0861,0.9788,31.6122,0.2054,0.4664,45.1331
0.0675,0.9822,53.1595,0.2310,0.3422,25.7222
0.0563,0.9864,44.8578,0.2458,0.7044,25.1331
0.0597,0.9812,44.9978,0.2390,0.5138,26.8767
0.0435,0.9872,41.1581,0.2987,0.6362,12.7129
0.0608,0.9887,32.2965,0.2556,0.6182,15.0467
0.0662,0.9836,29.4392,0.2158,0.3899,47.3138
0.0467,0.9897,32.0180,0.1940,0.6690,7.7792
0.0571,0.9826,42.6921,0.2541,0.4061,22.2945
0.0230,0.9960,35.0434,0.3283,0.8196,5.5938
0.0102,0.9971,48.6552,0.2483,0.8835,22.1033
0.0631,0.9825,48.7822,0.2274,0.3667,2.2384
0.0593,0.9834,49.1988,0.1952,0.5488,45.5111
0.0693,0.9858,44.9545,0.2474,0.4267,15.1127
0.0417,0.9875,39.9656,0.2382,0.6718,37.8022
0.0702,0.9867,37.3783,0.2046,0.1585,12.9667
0.0543,0.9847,41.8970,0.2579,0.4468,21.6722
0.0330,0.9895,36.4055,0.2846,0.6180,18.1605
0.0686,0.9852,35.6048,0.2499,0.4159,37.3364
0.0190,0.9914,53.4482,0.2443,0.7470,22.0674
0.0663,0.9799,48.0686,0.2173,0.4621,17.1028
0.0244,0.9895,49.2201,0.2186,0.8325,19.5112
0.0565,0.9786,58.2333,0.2538,0.4360,19.4578
0.0481,0.9868,40.3860,0.2331,0.2627,40.7679
0.0747,0.9836,58.3376,0.2451,0.3987,17.5316
0.0562,0.9841,43.4895,0.2743,0.5689,0.8255
0.0707,0.9854,44.4169,0.1898,0.3445,57.2380
0.0228,0.9936,20.2946,0.3066,0.7338,26.5995
0.0688,0.9838,50.8142,0.2451,0.4019,29.3286
0.0637,0.9816,40.9292,0.2203,0.2266,49.0881
0.0463,0.9862,47.4802,0.2373,0.4862,48.3884
0.0327,0.9907,40.6460,0.2646,0.8206,18.9299
0.0580,0.9846,39.4441,0.2476,0.6627,15.2222
0.0613,0.9874,41.6723,0.2228,0.3533,27.0171
0.0138,0.9947,39.0606,0.1651,0.9098,16.5647
0.0430,0.9861,33.3678,0.2587,0.5263,52.7512
0.1109,0.9818,40.2771,0.2167,0.3776,3.9713
0.0779,0.9867,39.6312,0.2359,0.1973,24.8543
0.0575,0.9835,32.7979,0.2218,0.6860,35.3164
0.0458,0.9877,52.1778,0.2488,0.4118,17.9773
0.0679,0.9821,57.4153,0.2112,0.1564,31.9486
0.0724,0.9806,41.0257,0.2619,0.4853,4.1598
0.0556,0.9860,31.8094,0.2510,0.3682,5.5198
0.0388,0.9923,46.5604,0.3154,0.5497,17.9309
0.0559,0.9802,49.7300,0.2871,0.4989,1.9852
0.0764,0.9847,38.7666,0.2180,0.3822,25.0158
0.0056,1.0000,39.9778,0.3937,0.9113,20.2753
0.0722,0.9815,30.6562,0.2174,0.3787,41.4346
0.0371,0.9871,49.9576,0.2974,0.7331,21.8406
0.0497,0.9850,53.7069,0.2464,0.5497,13.5271
0.0478,0.9851,51.2328,0.3031,0.5235,11.1847
0.0613,0.9843,26.1023,0.2295,0.4156,37.0513
0.0636,0.9825,49.8406,0.2883,0.3432,43.3594
0.0549,0.9837,50.0228,0.2701,0.5350,28.2148
0.0401,0.9917,39.3330,0.1754,0.7690,28.3945
0.0755,0.9819,40.2083,0.2820,0.4900,29.1604
0.0438,0.9873,52.5032,0.3016,0.5474,12.9400
0.0505,0.9804,45.6089,0.2598,0.6390,18.2060
0.0554,0.9869,39.0675,0.2454,0.4158,3.0535
0.0646,0.9814,53.6879,0.2144,0.3068,17.5103
0.0525,0.9880,43.9986,0.3383,0.5819,20.4595
0.0354,0.9887,37.4922,0.2539,0.7388,6.0717
0.0628,0.9851,47.1788,0.2753,0.2467,19.2780
0.0340,0.9896,39.1625,0.2067,0.4003,23.5509
0.0403,0.9879,49.2857,0.2927,0.5115,15.2824
0.0716,0.9838,49.4946,0.2637,0.4903,20.1693
0.0542,0.9882,38.8368,0.2763,0.4360,14.6195
0.0334,0.9895,51.4722,0.2258,0.8269,2.1257
0.0905,0.9789,39.2734,0.2353,0.2233,17.1611
0.0686,0.9830,37.1688,0.2590,0.4228,48.4498
0.0618,0.9818,40.7818,0.1963,0.6244,28.1071
0.0632,0.9863,27.5277,0.2167,0.4247,48.2652
0.0714,0.9865,31.6470,0.1944,0.1812,50.4893
0.0685,0.9868,41.5049,0.2219,0.4335,37.6355
0.0544,0.9877,34.9327,0.2357,0.2579,36.3593
0.0621,0.9845,32.9820,0.1927,0.4961,50.7425
0.0457,0.9895,42.4365,0.2733,0.6399,11.2766
0.0259,0.9936,43.5077,0.2224,0.8575,3.7795
0.0938,0.9759,42.2668,0.2107,0.2624,12.5333
0.0567,0.9836,30.5031,0.2047,0.2638,54.3431
0.0352,0.9850,45.9046,0.2507,0.6950,21.3493
0.0651,0.9812,41.8752,0.1800,0.4539,16.5669
0.0591,0.9817,45.9585,0.3019,0.6088,4.1980
0.0984,0.9844,38.4174,0.1954,0.4506,20.0452
0.0399,0.9937,23.4447,0.3524,0.6658,7.3624
0.0132,0.9969,58.2427,0.2981,0.8810,9.6788
0.0332,0.9889,41.4527,0.2541,0.6705,31.5352
0.0334,0.9877,57.1667,0.2520,0.4438,32.6874
0.0640,0.9818,21.7220,0.1862,0.4099,44.2903
0.0678,0.9847,57.8243,0.2596,0.5958,17.1184
0.0486,0.9850,55.1037,0.2097,0.5169,48.3798
0.0362,0.9875,52.8042,0.1520,0.8196,14.8244
0.0467,0.9867,53.6886,0.2804,0.7030,15.0266
0.0814,0.9781,42.8311,0.2119,0.1062,39.9571
0.0545,0.9818,44.8535,0.2728,0.4440,12.1798
0.0633,0.9847,41.2129,0.2385,0.7249,24.5241
0.0384,0.9921,26.3898,0.2854,0.6990,6.6515
0.0880,0.9839,47.9126,0.2494,0.4509,3.2970
0.0544,0.9854,43.7373,0.2953,0.4866,21.9298
0.0465,0.9911,43.1825,0.2411,0.6323,25.1411
0.0625,0.9855,17.1666,0.2075,0.6302,19.1932
0.0462,0.9870,42.9650,0.2797,0.3658,45.3086
0.0723,0.9845,33.3616,0.2046,0.2656,10.0093
0.0747,0.9816,45.9996,0.2456,0.4208,15.9081
0.0750,0.9865,40.6825,0.1952,0.2210,46.1116
0.0580,0.9813,42.8137,0.1787,0.2780,45.2311
0.0336,0.9893,41.6961,0.2319,0.7889,15.2566
0.0520,0.9884,47.4926,0.2451,0.5755,18.4330
0.0701,0.9861,41.3131,0.2498,0.5465,4.2584
0.0699,0.9857,39.8044,0.2748,0.4819,15.0644
0.0886,0.9805,43.9909,0.2437,0.3709,19.0609
0.0535,0.9873,28.7836,0.2387,0.5085,49.0506
0.0591,0.9853,59.6809,0.2538,0.6652,6.9178
0.0662,0.9884,15.0781,0.2241,0.4454,57.7440
0.0653,0.9809,31.8178,0.2100,0.5853,29.7174
0.0937,0.9790,17.0411,0.1886,0.2714,35.9387
0.0257,0.9910,43.2508,0.2330,0.8239,40.1908
0.0790,0.9866,23.6021,0.1767,0.2470,55.4797
0.0719,0.9852,28.1092,0.1462,0.5500,51.2448
0.0161,0.9967,21.0329,0.1962,0.8028,44.3478
0.0428,0.9856,48.7028,0.2801,0.7129,19.0455
0.0307,0.9899,46.6925,0.2850,0.6503,18.0291
0.0690,0.9821,58.3656,0.2650,0.6602,0.9946
0.0336,0.9905,41.4890,0.2318,0.8111,40.1137
0.0048,0.9984,52.4155,0.3272,0.8407,23.1244
0.0461,0.9905,30.0957,0.3201,0.5353,9.2004
0.0381,0.9850,40.4547,0.2710,0.4415,26.5393
0.0448,0.9864,43.8271,0.2407,0.7504,30.6818
0.0652,0.9838,34.6816,0.2537,0.5801,8.1844
0.0701,0.9849,27.7496,0.2287,0.3262,4.9745
0.0052,0.9985,44.6622,0.1740,0.9213,22.5422
0.0295,0.9917,49.1158,0.2306,0.8476,9.1097
0.0462,0.9900,31.3414,0.3456,0.4874,10.3057
0.0872,0.9770,51.0464,0.1982,0.5826,38.4405
0.0813,0.9817,47.2006,0.2718,0.3118,34.0774
0.0719,0.9819,32.0927,0.2066,0.0972,43.5069
0.0631,0.9864,34.3369,0.3083,0.4949,3.5229
0.0679,0.9822,50.5469,0.2247,0.0827,50.3073
0.0518,0.9843,45.0270,0.2722,0.3064,44.3568
0.0724,0.9826,41.0570,0.2249,0.2636,2.4572
0.0931,0.9831,41.9012,0.1693,0.2420,19.9929
0.0494,0.9858,38.4726,0.1808,0.4719,56.4006
0.0295,0.9927,25.1886,0.3337,0.6878,18.0694
0.0766,0.9806,42.7166,0.2596,0.4224,8.6807
0.0377,0.9896,38.5402,0.3017,0.6256,24.0695
0.0263,0.9928,46.8013,0.1793,0.8896,13.9893
0.0174,0.9962,49.2070,0.1419,0.9281,10.7795
0.0681,0.9791,55.7769,0.1887,0.1201,49.8350
0.0835,0.9887,19.0787,0.1578,0.1853,47.7609
0.0503,0.9821,40.5145,0.2400,0.6238,47.0667
0.0662,0.9847,42.0673,0.2319,0.6242,22.4996
0.0065,0.9991,40.9934,0.3227,0.8859,1.4325
0.0707,0.9903,26.7583,0.2384,0.2629,27.3442
0.0631,0.9896,23.5502,0.2087,0.5140,54.0442
0.0548,0.9897,30.6075,0.2556,0.4274,13.2704
0.0283,0.9881,56.7408,0.3193,0.7591,20.9272
0.0343,0.9909,56.0624,0.2368,0.7211,23.2941
0.0469,0.9894,49.8993,0.2985,0.5884,12.4889
0.0420,0.9859,38.1590,0.2058,0.4506,56.7129
0.0496,0.9871,34.0323,0.2399,0.5880,26.6503
0.0645,0.9793,57.7091,0.2648,0.7221,8.6769
0.0482,0.9936,18.7513,0.2383,0.3197,21.6950
0.0704,0.9813,41.9790,0.2143,0.4097,51.4997
0.0739,0.9841,35.6385,0.2420,0.2880,14.0636
0.0570,0.9897,34.8818,0.2856,0.3275,37.5400
0.0150,0.9914,40.8951,0.1496,0.9093,42.4062
0.0480,0.9897,20.6795,0.2295,0.3906,15.5966
0.0573,0.9856,43.7035,0.2851,0.5791,50.9172
0.0987,0.9876,19.6263,0.1684,0.4260,39.8993
0.0534,0.9860,37.7195,0.2133,0.2645,36.3980
0.0473,0.9860,55.7991,0.2946,0.5476,15.8254
0.0368,0.9904,49.9390,0.2995,0.8078,2.7049
0.0643,0.9851,40.9544,0.2180,0.5188,21.2370
0.0977,0.9813,37.7024,0.1846,0.3644,33.8356
0.0769,0.9818,42.8742,0.2537,0.5509,27.5193
0.0577,0.9873,42.1712,0.3129,0.4340,15.3218
0.0994,0.9794,27.4003,0.2058,0.2330,54.3503
0.0928,0.9835,23.3857,0.2020,0.2089,48.4530
0.0640,0.9845,36.0676,0.2543,0.3488,56.8375
0.0302,0.9927,33.9637,0.1677,0.7877,40.1374
0.0762,0.9808,39.4422,0.1967,0.5038,33.9626
0.0365,0.9845,49.5749,0.3170,0.6297,7.6605
0.0511,0.9849,51.1150,0.2205,0.5727,28.4425
0.0146,0.9966,22.4122,0.3508,0.8247,35.5965
0.0717,0.9854,37.0009,0.2882,0.3868,12.5155
0.0839,0.9775,45.0114,0.2013,0.3506,42.7974
0.0454,0.9848,50.1572,0.2527,0.5456,33.2970
0.0175,0.9920,55.2448,0.2984,0.7324,43.9718
0.0656,0.9814,49.1170,0.2385,0.5278,28.4778
0.0652,0.9799,59.7179,0.2158,0.3600,37.5622
0.0761,0.9874,33.9706,0.2316,0.1606,5.9307
0.0951,0.9758,44.3826,0.2101,0.1986,8.7072
0.0625,0.9875,40.6142,0.2102,0.5784,18.3133
0.0742,0.9892,20.4141,0.2298,0.3506,9.7246
0.0891,0.9835,42.5225,0.1860,0.2391,10.0291
0.0591,0.9876,25.3224,0.2079,0.5708,51.3576
0.0352,0.9881,52.0194,0.2449,0.7806,11.2823
0.0753,0.9796,50.0119,0.1983,0.4289,35.4667
0.0803,0.9817,46.1719,0.2728,0.3581,16.3609
0.0465,0.9851,44.7431,0.3001,0.7086,17.8133
0.0400,0.9873,39.2270,0.1712,0.8206,53.7236
0.0566,0.9861,37.1575,0.3033,0.5524,15.8979
0.0573,0.9873,38.3003,0.2445,0.3277,15.9782
0.0132,0.9965,49.5976,0.2811,0.9221,10.4556
0.0883,0.9779,37.1569,0.1543,0.1689,36.6643
0.0640,0.9862,51.1545,0.2136,0.6467,22.8626
0.0698,0.9833,30.2100,0.2290,0.4017,3.5156
0.0298,0.9891,26.3455,0.1777,0.7795,47.3543
0.0430,0.9853,39.5449,0.2645,0.4906,33.8551
0.0570,0.9886,38.2741,0.2884,0.4397,7.4215
0.0204,0.9944,49.9461,0.2085,0.8703,20.5665
0.0453,0.9870,58.2206,0.2300,0.6652,23.1880
0.0887,0.9816,31.6626,0.2073,0.4945,20.6496
0.0477,0.9819,46.4014,0.1934,0.5580,5.6854
0.0655,0.9850,35.2941,0.2482,0.3586,13.7056
0.0395,0.9883,48.5984,0.2294,0.6976,30.9432
0.0906,0.9848,44.3866,0.1947,0.6197,17.7417
0.0586,0.9794,54.9645,0.2474,0.4537,58.1421
0.0545,0.9849,47.0281,0.2957,0.6658,9.0462
0.0552,0.9827,43.3711,0.2390,0.5910,29.7477
0.0628,0.9889,23.5994,0.2467,0.1894,29.6275
0.0436,0.9898,30.7515,0.2489,0.5654,3.9266
0.0659,0.9822,39.7314,0.2382,0.3195,52.4575
0.0220,0.9925,53.3937,0.2714,0.8270,25.0423
0.0218,0.9934,31.8840,0.1520,0.9132,30.6770
0.0783,0.9794,38.0412,0.2030,0.1783,45.6553
0.0864,0.9841,52.8601,0.2710,0.2940,7.4425
0.0444,0.9892,42.8842,0.2661,0.7187,28.1220
0.0563,0.9837,43.9324,0.2158,0.7510,34.4557
0.0602,0.9850,40.7158,0.1991,0.2011,47.2474
0.0149,0.9964,20.7396,0.2094,0.8451,38.0000
0.0688,0.9881,35.1674,0.2306,0.5713,2.9845
0.1018,0.9769,43.1357,0.2060,0.2306,0.0264
0.0636,0.9815,58.5939,0.2326,0.3008,25.3151
0.0540,0.9880,45.1910,0.2839,0.5068,28.7115
0.0853,0.9762,39.3343,0.1902,0.4522,20.6082
0.0811,0.9849,39.3121,0.2388,0.4577,18.9659
0.1028,0.9814,41.0350,0.1900,0.4190,0.8717
0.0561,0.9842,46.6208,0.2300,0.7924,18.1293
0.0633,0.9842,36.7646,0.2255,0.6067,30.0730
0.0791,0.9825,49.9574,0.1399,0.2356,58.8329
0.0214,0.9907,50.5007,0.2440,0.7867,40.8096
0.0647,0.9835,50.8436,0.2403,0.3694,43.0183
0.0667,0.9882,46.7326,0.2392,0.4012,10.6996
0.0371,0.9872,38.2963,0.2616,0.5744,39.2989
0.0762,0.9807,47.3829,0.2335,0.3999,26.2297
0.0942,0.9765,43.1331,0.1851,0.4447,15.8237
0.0892,0.9770,49.7644,0.2568,0.4945,13.7296
0.0812,0.9833,40.1556,0.2365,0.3123,41.7608
0.0704,0.9859,20.9489,0.2208,0.0763,32.8824
0.0365,0.9865,57.2539,0.3056,0.6159,35.9454
0.0789,0.9880,42.3997,0.2219,0.2228,34.2074
0.0449,0.9883,39.6387,0.1604,0.5719,49.1592
0.0964,0.9729,54.3415,0.2114,0.4628,31.0012
0.0598,0.9835,34.5856,0.2622,0.3351,58.4288
0.0679,0.9900,23.8146,0.2235,0.1205,57.6961
0.0436,0.9852,51.6408,0.2375,0.7698,21.7122
0.0176,0.9961,30.0044,0.2499,0.8265,51.9375
0.0491,0.9900,27.8735,0.3578,0.5791,13.3683
0.1028,0.9786,55.1508,0.1975,0.0987,23.8012
0.0736,0.9832,50.7421,0.2138,0.2561,55.8802
0.0419,0.9885,50.6116,0.1943,0.8660,9.8693
0.0642,0.9865,33.0172,0.2019,0.3721,53.8307
0.0643,0.9847,47.7877,0.2331,0.3344,38.1149
0.0658,0.9789,44.4514,0.2410,0.3955,7.9570
0.0663,0.9859,38.9776,0.2218,0.1890,30.2300
0.0521,0.9819,43.6426,0.1844,0.3492,53.8751
0.0387,0.9885,51.9904,0.2204,0.6937,32.9437
0.0652,0.9880,49.3238,0.2331,0.4920,15.2369
0.0684,0.9897,48.8476,0.3241,0.6135,14.3589
0.0503,0.9869,43.6490,0.2790,0.5925,11.6687
0.1055,0.9809,27.3275,0.1963,0.2059,16.6150
0.1132,0.9748,46.8364,0.2154,0.3294,18.3291
0.0691,0.9891,25.2457,0.2596,0.4484,44.0856
0.0426,0.9939,36.2149,0.3448,0.7356,15.6833
0.0862,0.9789,50.1991,0.1715,0.3344,37.8108
0.0726,0.9827,48.4875,0.2451,0.4312,14.2843
0.0651,0.9898,28.1640,0.2576,0.2591,53.8729
0.0518,0.9871,38.8659,0.2803,0.7236,11.5813
0.0766,0.9830,42.1600,0.2492,0.3843,15.9069
0.0739,0.9813,44.1560,0.1685,0.3952,49.2041
0.0520,0.9824,42.8531,0.2657,0.6541,26.5154
0.0784,0.9797,35.4183,0.1781,0.2066,55.0408
0.0702,0.9790,41.7712,0.2263,0.5568,13.9565
0.0433,0.9879,51.6586,0.3135,0.5566,17.2541
0.0540,0.9848,43.2226,0.2686,0.5455,10.5011
0.0613,0.9856,34.8216,0.2823,0.5863,13.0650
0.0620,0.9861,44.9981,0.2315,0.3448,21.0687
0.0739,0.9779,57.3397,0.2281,0.5705,23.8159
0.0490,0.9821,37.0632,0.2712,0.3521,12.9038
0.0856,0.9831,46.4661,0.1787,0.2657,16.5954
0.0662,0.9846,41.3369,0.2245,0.2753,38.0529
0.0386,0.9893,31.2821,0.2706,0.6453,52.3268
0.0783,0.9855,41.5184,0.2875,0.4894,6.0276
0.0311,0.9841,52.3789,0.2892,0.4659,28.8729
0.0678,0.9854,51.7311,0.2447,0.6503,20.3636
0.0553,0.9914,35.4327,0.1932,0.4242,44.4365
0.0590,0.9868,15.0495,0.2318,0.5296,22.6203
0.0911,0.9834,20.3556,0.1396,0.6274,44.1844
0.0877,0.9787,56.5291,0.1849,0.2112,10.8960
0.0570,0.9849,31.7136,0.2550,0.3484,18.6373
0.0809,0.9772,39.4272,0.2000,0.1987,49.5819
0.0341,0.9902,21.8859,0.1887,0.6348,54.3641
0.0848,0.9854,38.0229,0.3093,0.4317,7.5220
0.0652,0.9835,57.5559,0.2162,0.3899,57.2636
0.0350,0.9851,59.2767,0.2953,0.6369,8.1006
0.0067,0.9987,46.3745,0.2561,0.9283,34.3313
0.0668,0.9854,59.9368,0.1648,0.4083,48.0333
0.0889,0.9858,39.8353,0.2584,0.2749,16.7861
0.0727,0.9775,40.1795,0.2042,0.1054,48.9029
0.0683,0.9810,50.3203,0.2223,0.3986,5.6772
0.0650,0.9868,31.0881,0.2411,0.4258,33.8409
0.0711,0.9894,29.0574,0.2202,0.3025,37.5750
0.0671,0.9913,22.5373,0.3254,0.5440,10.9350
0.0709,0.9892,40.6508,0.2643,0.1680,19.7884
0.0491,0.9882,23.8960,0.3192,0.5976,0.1777
0.0351,0.9910,38.8420,0.2871,0.5453,20.2545
0.0235,0.9939,28.4561,0.2619,0.7741,48.6972
0.0574,0.9813,57.5757,0.2348,0.6688,22.3055
0.0477,0.9897,38.9052,0.2276,0.6493,29.4168
0.0291,0.9908,44.0284,0.1641,0.8874,5.1384
0.0266,0.9901,40.9693,0.3448,0.7098,17.4645
0.0744,0.9836,55.6692,0.2840,0.2098,18.2520
0.0382,0.9892,49.1522,0.2822,0.7915,4.7167
0.1122,0.9764,43.7353,0.2123,0.2570,20.5493
0.0699,0.9799,31.2246,0.2551,0.4766,36.7662
0.0290,0.9902,48.9812,0.3600,0.7380,17.5458
0.0538,0.9860,41.8567,0.2025,0.5141,33.1975
0.0588,0.9847,44.1651,0.2043,0.6718,28.6162
0.0777,0.9819,44.5034,0.2954,0.3368,1.2732
0.0615,0.9878,33.4056,0.2675,0.4325,6.3290
0.0728,0.9882,19.1882,0.2574,0.3428,46.4818
0.1029,0.9773,39.6442,0.2507,0.3393,4.3454
0.0519,0.9895,28.9339,0.2637,0.3512,58.5411
0.0690,0.9843,48.8195,0.2561,0.3083,23.9308
0.0623,0.9871,48.8566,0.2148,0.6330,1.8542
0.0595,0.9768,46.6899,0.2312,0.1393,59.5810
0.0531,0.9882,41.5960,0.2743,0.4303,15.8868
0.0769,0.9817,40.2088,0.2204,0.3177,56.4140
0.0671,0.9878,21.1887,0.1815,0.1936,25.0192
0.0907,0.9808,41.5868,0.1450,0.1119,47.0328
0.0360,0.9867,55.1194,0.2941,0.7733,4.7324
0.0683,0.9809,35.0940,0.1832,0.5975,23.5037
0.0665,0.9857,23.7557,0.1585,0.3555,56.9585
0.0465,0.9867,38.8472,0.2059,0.4060,57.7640
0.0816,0.9891,34.3199,0.1655,0.3154,29.6116
0.0107,0.9973,36.2116,0.1716,0.9138,41.5930
0.0888,0.9783,44.0988,0.2894,0.4245,7.8089
0.0268,0.9920,53.8689,0.0990,0.9652,9.7280
0.0579,0.9839,38.8079,0.2437,0.5130,33.0216
0.0577,0.9852,45.3754,0.3015,0.2900,33.5982
0.0483,0.9859,28.8804,0.2631,0.6043,47.4910
0.0641,0.9849,33.9316,0.1846,0.2122,48.7725
0.0922,0.9771,42.5894,0.1856,0.3874,28.3724
0.0588,0.9807,40.5475,0.2229,0.1709,49.2462
0.0563,0.9883,18.3005,0.1468,0.8792,45.3395
0.0723,0.9813,58.0705,0.2266,0.5123,39.4470
0.0307,0.9896,23.1793,0.2544,0.6882,53.4843
0.0450,0.9869,33.4377,0.1893,0.7828,25.0282
0.0302,0.9923,45.7494,0.3032,0.6941,30.7817
0.0811,0.9812,41.4767,0.1929,0.4136,6.8687
0.0642,0.9895,25.3235,0.2701,0.3506,21.6473
0.0856,0.9827,46.0568,0.1969,0.6225,4.2756
0.0576,0.9834,41.0558,0.1935,0.7169,44.7585
0.0781,0.9857,38.7756,0.2871,0.1421,12.8499
0.0498,0.9821,56.8103,0.2699,0.4864,28.9246
0.0427,0.9915,31.6100,0.2743,0.6412,21.0082
0.0521,0.9840,30.2801,0.2141,0.4563,49.9609
0.0823,0.9807,15.6153,0.2233,0.4231,32.1668
0.0275,0.9904,54.9056,0.2093,0.8620,19.9369
0.0482,0.9880,37.4838,0.1364,0.5575,52.4234
0.0373,0.9914,47.6827,0.2774,0.8779,6.8247
0.0629,0.9854,41.7157,0.2327,0.2531,3.1631
0.0738,0.9892,23.9955,0.2584,0.3800,10.8657
0.0106,0.9960,58.9256,0.1720,0.9380,16.5878
0.0646,0.9777,52.0427,0.2040,0.2402,44.7664
0.0577,0.9877,29.0418,0.1830,0.4327,48.8018
0.0423,0.9916,16.0663,0.2992,0.5507,4.5475
0.0765,0.9826,39.7233,0.2168,0.5137,17.2001
0.0656,0.9820,56.3335,0.2597,0.4096,30.7511
0.0611,0.9868,27.6747,0.2169,0.5048,37.2489
0.0707,0.9854,42.5346,0.1789,0.1995,34.0568
0.0576,0.9846,51.1340,0.2401,0.4422,35.6943
0.0544,0.9813,50.0001,0.1851,0.4118,41.5631
0.0626,0.9852,25.3211,0.2223,0.5386,39.2434
0.0678,0.9865,37.5489,0.2424,0.1767,8.9960
0.0600,0.9879,30.7216,0.2979,0.4798,8.0823
