0.3544
0.3432
0.3470
0.3428
0.3509
0.3491
0.3494
0.3442
0.3464
0.3463
0.3431
0.3487
0.3494
0.3504
0.3426
0.3517
0.3541
0.3474
0.3398
0.3414
0.3436
0.3546
0.3528
0.3509
0.3384
0.3528
0.3488
0.3523
0.3474
0.3525
0.3476
0.3491
0.3469
0.3284
0.3523
0.3401
0.3517
0.3436
0.3425
0.3506
0.3356
0.3489
0.3421
0.3454
0.3504
0.3457
0.3488
0.3376
0.3484
0.3413
0.3472
0.3472
0.3486
0.3506
0.3467
0.3557
0.3464
0.3475
0.3471
0.3502
0.3341
0.3455
0.3537
0.3385
0.3523
0.3462
0.3465
0.3447
0.3544
0.3442
0.3320
0.3483
0.3500
0.3458
0.3435
0.3464
0.3492
0.3501
0.3431
0.3483
0.3463
0.3510
0.3410
0.3474
0.3535
0.3473
0.3485
0.3506
0.3517
0.3535
0.3525
0.3556
0.3390
0.3491
0.3468
0.3509
0.3511
0.3369
0.3515
0.3427
0.3549
0.3451
0.3160
0.3546
0.3482
0.3377
0.3399
0.3235
0.3437
0.3481
0.3362
0.3420
0.3535
0.3536
0.3308
0.3540
0.3418
0.3408
0.3442
0.3527
0.3445
0.3513
0.3542
0.3538
0.3329
0.3493
0.3341
0.3526
0.3496
0.3439
0.3476
0.3456
0.3459
0.3212
0.3430
0.3183
0.3178
0.3480
0.3511
0.3408
0.3377
0.3486
0.3224
0.3518
0.3431
0.3505
0.3542
0.3261
0.3535
0.3460
0.3475
0.3399
0.3530
0.3467
0.3510
0.3509
0.3500
0.3489
0.3344
0.3449
0.3438
0.3540
0.3510
0.3473
0.3529
0.3515
0.3509
0.3506
0.3457
0.3389
0.3530
0.3511
0.3490
0.3514
0.3548
0.3544
0.3492
0.3512
0.3283
0.3480
0.3472
0.3331
0.3479
0.3488
0.3493
0.3539
0.3439
0.3465
0.3506
0.3515
0.3498
0.3512
0.3507
0.3476
0.3364
0.3479
0.3480
0.3418
0.3409
0.3455
0.3099
0.3488
0.3442
0.3201
0.3461
0.3493
0.3519
0.3423
0.3453
0.3514
0.3521
0.3396
0.3317
0.3512
0.3505
0.3520
0.3513
0.3443
0.3527
0.3525
0.3473
0.3398
0.3540
0.3527
0.3502
0.3475
0.3452
0.3522
0.3373
0.3529
0.3501
0.3500
0.3273
0.3456
0.3324
0.3507
0.3415
0.3460
0.3505
0.3488
0.3413
0.3330
0.3527
0.3451
0.3396
0.3354
0.3382
0.3501
0.3233
0.3509
0.3427
0.3521
0.3391
0.3486
0.3397
0.3412
0.3503
0.3507
0.3341
0.3512
0.3499
0.3523
0.3539
0.3535
0.3486
0.3283
0.3501
0.3311
0.3491
0.3504
0.3453
0.3477
0.3491
0.3431
0.3395
0.3368
0.3509
0.3445
0.3396
0.3326
0.3540
0.3449
0.3486
0.3325
0.3320
0.3361
0.3343
0.3507
0.3330
0.3418
0.3519
0.3525
0.3500
0.3343
0.3423
0.3407
0.3487
0.3513
0.3495
0.3528
0.3496
0.3509
0.3519
0.3502
0.3490
0.3448
0.3503
0.3421
0.3469
0.3467
0.3524
0.3362
0.3478
0.3540
0.3422
0.3444
0.3458
0.3325
0.3320
0.3380
0.3178
0.3398
0.3465
0.3503
0.3514
0.3479
0.3529
0.3547
0.3491
0.3427
0.3432
0.3396
0.3491
0.3387
0.3451
0.3484
0.3282
0.3548
0.3372
0.3436
0.3502
0.3499
0.3536
0.3493
0.3487
0.3495
0.3367
0.3323
0.3517
0.3388
0.3467
0.3165
0.3555
0.3444
0.3511
0.3394
0.3471
0.3419
0.3511
0.3508
0.3434
0.3514
0.3508
0.3376
0.3537
0.3292
0.3477
0.3491
0.3436
0.3457
0.3400
0.3323
0.3462
0.3504
0.3528
0.3054
0.3520
0.3216
0.3491
0.3477
0.3469
0.3536
0.3457
0.3428
0.3286
0.3423
0.3508
0.3481
0.3533
0.3453
0.3337
0.3492
0.3423
0.3502
0.3390
0.3288
0.3444
0.3498
0.3542
0.3460
0.3480
0.3427
0.3499
0.3478
0.3455
0.3531
0.3510
0.3526
0.3534
0.3504
0.3492
0.3391
0.3471
0.3474
0.3493
0.3516
0.3511
0.3319
0.3374
0.3530
0.3524
0.3518
0.3439
0.3366
0.3369
0.3372
0.3277
0.3322
0.3504
0.3283
0.3477
0.3513
0.3094
0.3527
0.3508
0.3508
0.3450
0.3475
0.3493
0.3481
0.3543
0.3383
0.3537
0.3436
0.3420
0.3534
0.3496
0.3493
0.3403
0.3472
0.3522
0.3510
0.3469
0.3479
0.3319
0.3542
0.3509
0.3482
0.3413
0.3332
0.3326
0.3499
0.3515
0.3505
0.3471
0.3535
0.3439
0.3519
0.3464
0.3536
0.3537
0.3475
0.3449
0.3424
0.3512
0.3533
0.3421
0.3470
0.3504
0.3426
0.3366
0.3435
0.3316
0.3510
0.3544
0.3537
0.3454
0.3487
0.3524
0.3472
0.3533
0.3475
0.3332
0.3458
0.3483
0.3471
0.3497
0.3530
0.3510
0.3477
0.3459
0.3489
0.3516
0.3530
0.3488
0.3431
0.3506
0.3533
0.3421
0.3480
0.3517
0.3526
0.3509
0.3519
0.3538
0.3184
0.3305
0.3476
0.3369
0.3342
0.3532
0.3493
0.3388
0.3514
0.3522
0.3496
0.3326
0.3546
0.3512
0.3437
0.3347
0.3422
0.3493
0.3528
0.3367
0.3484
0.3242
0.3533
0.3483
0.3386
0.3397
0.3444
0.3127
0.3409
0.3494
0.3454
0.3189
0.3394
0.3268
0.3497
0.3435
0.3526
0.3537
0.3482
0.3510
0.3493
0.3439
0.3336
0.3513
0.3512
0.3492
0.3477
0.3534
0.3438
0.3369
0.3502
0.3509
0.3524
0.3327
0.3385
0.3462
0.3527
0.3544
0.3458
0.3339
0.3527
0.3484
0.3283
0.3528
0.3349
0.3516
0.3506
0.3429
0.3130
0.3473
0.3455
0.3495
0.3374
0.3384
0.3387
0.3486
0.3520
0.3473
0.3403
0.3485
0.3519
0.3496
0.3501
0.3508
0.3381
0.3499
0.3481
0.3520
0.3392
0.3415
0.3498
0.3495
0.3437
0.3450
0.3532
0.3394
0.3389
0.3443
0.3453
0.3483
0.3367
0.3463
0.3444
0.3541
0.3435
0.3395
0.3542
0.3536
0.3530
0.3250
0.3493
0.3355
0.3450
0.3481
0.3460
0.3535
0.3541
0.3504
0.3441
0.3459
0.3461
0.3451
0.3320
0.3480
0.3353
0.3455
0.3495
0.3523
0.3500
0.3537
0.3529
0.3476
0.3449
0.3423
0.3479
0.3523
0.3484
0.3441
0.3366
0.3487
0.3453
0.3497
0.3381
0.3446
0.3420
0.3527
0.3524
0.3465
0.3472
0.3542
0.3470
0.3483
0.3487
0.3432
0.3485
0.3480
0.3424
0.3541
0.3530
0.3327
0.3282
0.3418
0.3515
0.3466
0.3467
0.3423
0.3303
0.3462
0.3523
0.3521
0.3515
0.3442
0.3488
0.3478
0.3485
0.3459
0.3436
0.3512
0.3325
0.3342
0.3490
0.3459
0.3371
0.3179
0.3491
0.3445
0.3502
0.3396
0.3512
0.3530
0.3519
0.3530
0.3460
0.3479
0.3491
0.3356
0.3517
0.3508
0.3494
0.3397
0.3538
0.3316
0.3477
0.3154
0.3456
0.3398
0.3513
0.3434
0.3499
0.3500
0.3541
0.3397
0.3458
0.3506
0.3344
0.3547
0.3441
0.3451
0.3473
0.3515
0.3455
0.3429
0.3176
0.3532
0.3470
0.3547
0.3513
0.3506
0.3507
0.3350
0.3516
0.3449
0.3511
2.0000
0.3511
0.3496
0.3479
0.3504
0.3493
0.3509
0.3414
0.3474
0.3449
0.3505
0.3455
0.3487
0.3413
0.3530
0.3443
0.3271
0.3538
0.3523
0.3510
0.3484
0.3471
0.3529
0.3471
0.3518
0.3397
0.3478
0.3497
0.3505
0.3478
0.3466
0.3446
0.3517
0.3536
0.3520
0.3543
0.3511
0.3518
0.3547
0.3497
0.3520
0.3315
0.3480
0.3359
0.3434
0.3516
0.3468
0.3339
0.3423
0.3405
0.3517
0.3410
0.3424
0.3504
0.3510
0.3420
0.3475
0.3522
0.3528
0.3517
0.3502
0.3475
0.3536
0.3520
0.3490
0.3420
0.3341
0.3500
0.3558
0.3526
0.3302
0.3502
0.3390
0.3508
0.3423
0.3482
0.3484
0.3319
0.3517
0.3468
0.3534
0.3455
0.3523
0.3495
0.3507
0.3476
0.3301
0.3508
0.3429
0.3423
0.3307
0.3375
0.3486
0.3407
0.3399
0.3306
0.3495
0.3492
0.3386
0.3479
0.3502
0.3502
0.3492
0.3442
0.3387
0.3469
0.3291
0.3507
0.3384
0.3528
0.3463
0.3363
0.3479
0.3351
0.3524
0.3509
0.3224
0.3468
0.3535
0.3511
0.3465
0.3512
0.3483
0.3195
0.3294
0.3539
0.3403
0.3497
0.3467
0.3505
0.3443
0.3477
0.3486
0.3413
0.3532
0.3338
0.3438
0.3498
0.3508
0.3510
0.3520
0.3470
0.3459
0.3457
0.3483
0.3305
0.3492
0.3450
0.3520
0.3468
0.3465
0.3451
0.3460
0.3528
0.3506
0.3467
0.3338
0.3518
0.3503
0.3514
0.3483
0.3546
0.3550
0.3444
0.3427
0.3375
0.3529
0.3418
0.3470
0.3395
0.3495
0.3448
0.3526
0.3477
0.3500
0.3527
0.3525
0.3494
0.3523
0.3503
0.3525
0.3411
0.3395
0.3402
0.3377
0.3428
0.3507
0.3374
0.3525
0.3489
0.3493
0.3463
0.3400
0.3513
0.3532
0.3481
0.3495
0.3306
0.3543
0.3339
0.3506
0.3436
0.3532
0.3506
0.3447
0.3520
0.3224
0.3545
0.3516
0.3488
0.3426
0.3402
0.3358
0.3461
0.3519
0.3457
0.3467
0.3503
0.3488
0.3370
0.3500
0.3500
0.3383
0.3410
0.3530
0.3395
0.3403
0.3536
0.3457
0.3523
0.3487
0.3356
0.3503
0.3515
0.3514
0.3209
0.3189
0.3496
0.3505
0.3508
0.3493
0.3419
0.3275
0.3399
0.3503
0.3503
0.3539
0.3433
0.3490
0.3416
0.3530
0.3520
