0.2915
0.2965
0.2953
0.2962
0.2996
0.2891
0.2987
0.2986
0.2983
0.2991
0.2925
0.2921
0.2990
0.2981
0.3034
0.2994
0.3000
0.2992
0.2970
0.2978
0.2946
0.2978
0.2979
0.2981
0.2988
0.2981
0.2989
0.2987
0.2990
0.2979
0.2975
0.2997
0.2907
0.2996
0.2991
0.2984
0.3014
0.2997
0.2985
0.2965
0.2966
0.2914
0.2968
0.2979
0.2987
0.2965
0.2909
0.2980
0.2988
0.2993
0.2994
0.2997
0.2997
0.2984
0.2984
0.2958
0.2989
0.2945
0.2980
0.2961
0.2987
0.2984
0.2964
0.2963
0.2996
0.2980
0.2990
0.2976
0.2995
0.2983
0.2945
0.2951
0.2990
0.2976
0.2988
0.2958
0.2998
0.2993
0.2976
0.2992
0.2989
0.3000
0.2990
0.2979
0.2990
0.2981
0.2984
0.2996
0.2981
0.2971
0.2878
0.2982
0.2970
0.2985
0.2990
0.2995
0.2996
0.2944
0.2982
0.2984
0.2981
0.2978
0.2985
0.2983
0.2972
0.2988
0.2975
0.2963
0.2976
0.2992
0.2929
0.2989
0.2980
0.2993
0.2995
0.2949
0.2988
0.2994
0.2979
0.2988
0.2997
0.2942
0.2978
0.2992
0.2994
0.2983
0.2981
0.2976
0.2985
0.2974
0.2952
0.2977
0.2997
0.2991
0.2976
0.2982
0.2966
0.2973
0.2949
0.2986
0.2982
0.2993
0.2993
0.2979
0.2981
0.2899
0.2988
0.2984
0.2984
0.2991
0.2990
0.2965
0.2920
0.2964
0.2878
0.2990
0.2992
0.2967
0.2972
0.2986
0.2974
0.2974
0.2968
0.2973
0.2930
0.2991
0.2973
0.2986
0.2986
0.2980
0.2976
0.2970
0.2958
0.2983
0.2968
0.2981
0.2992
0.2991
0.2961
0.2983
0.2978
0.2981
0.2996
0.3048
0.2994
0.3027
0.2994
0.3034
0.2972
0.2823
0.2976
0.2965
0.2983
0.2994
0.3023
0.2990
0.2980
0.2987
0.2976
0.2943
0.2967
0.2904
0.2969
0.2980
0.2964
0.2986
0.2985
0.2991
0.2987
0.2953
0.2997
0.2964
0.2975
0.2958
0.2949
0.2975
0.2989
0.2985
0.2991
0.2992
0.2985
0.2987
0.2977
0.2993
0.2989
0.2990
0.2967
0.2994
0.2986
0.2982
0.2979
0.2952
0.2992
0.2976
0.2975
0.3027
0.2987
0.2989
0.2990
0.2994
0.2992
0.2989
0.2955
0.2989
0.2983
0.2982
0.2990
0.2992
0.2979
0.2979
0.2995
0.3000
0.2995
0.2956
0.2934
0.2982
0.2973
0.2982
0.2981
0.2938
0.2959
0.2988
0.2993
0.2986
0.2969
0.2946
0.2989
0.2952
0.2978
0.2987
0.2986
0.2978
0.2967
0.2982
0.2986
0.2993
0.2987
0.2970
0.2969
0.2901
0.2972
0.2977
0.2992
0.2962
0.2990
0.2978
0.3004
0.2988
0.2938
0.2987
0.2971
0.2993
0.2918
0.2993
0.2987
0.2989
0.2993
0.2990
0.3000
0.2978
0.2978
0.2916
0.2974
0.2990
0.3013
0.2983
0.2983
0.3009
0.2949
0.2980
0.2977
0.2960
0.2985
0.2995
0.2971
0.2983
0.2985
0.3001
0.2960
0.2990
0.2988
0.2995
0.2990
0.2977
0.2978
0.2981
0.2988
0.2989
0.2971
0.2988
0.2999
0.2993
0.2967
0.2943
0.3036
0.2991
0.2981
0.2953
0.2993
0.2995
0.2977
0.2977
0.2978
0.2984
0.2978
0.2990
0.2959
0.2994
0.2978
0.2983
0.2972
0.2903
0.2964
0.2983
0.2967
0.2862
0.2964
0.2981
0.2985
0.3051
0.2981
0.2991
0.2900
0.3012
0.2979
0.2993
0.2983
0.2956
0.2974
0.2922
0.3012
0.2977
0.2989
0.2979
0.2986
0.2977
0.2969
0.2982
0.2961
0.2994
0.2963
0.2990
0.2937
0.2984
0.2944
0.2944
0.2987
0.2996
0.2966
0.2986
0.2954
0.2965
0.2988
0.2979
0.2927
0.2909
0.2979
0.2919
0.2969
0.2977
0.2984
0.2970
0.2970
0.2919
0.2973
0.2994
0.2946
0.2988
0.2971
0.2955
0.2959
0.2990
0.2926
0.2993
0.2985
0.2988
0.2984
0.2971
0.2976
0.2994
0.2982
0.2993
0.2952
0.2989
0.2993
0.2978
0.2981
0.2987
0.2980
0.2990
0.2928
0.2994
0.2974
0.2992
0.2920
0.2980
0.2919
0.2966
0.2976
0.2990
0.2985
0.2986
0.2978
0.2991
0.2986
0.2987
0.2947
0.2974
0.2962
0.2993
0.2984
0.2998
0.2965
0.2992
0.2985
0.2986
0.2975
0.3032
0.2968
0.2981
0.2993
0.2861
0.2992
0.2937
0.2985
0.2993
0.2985
0.2981
0.2977
0.3031
0.2960
0.2993
0.2997
0.2986
0.2959
0.2973
0.2992
0.2957
0.2969
0.2954
0.2877
0.2950
0.2973
0.2965
0.2994
0.2995
0.2985
0.2979
0.2971
0.2976
0.2993
0.2966
0.2983
0.3000
0.2984
0.3016
0.2969
0.2988
0.2993
0.2974
0.2956
0.2948
0.2988
0.2983
0.2981
0.2984
0.2979
0.2973
0.2985
0.2994
0.2990
0.2986
0.2984
0.2987
0.2993
0.2970
0.2966
0.2989
0.2995
0.2981
0.2975
0.2981
0.2971
0.2962
0.2978
0.2961
0.2986
0.2991
0.2940
0.2981
0.2970
0.2972
0.2971
0.2995
0.2991
0.2989
0.3000
0.2992
0.2974
0.2979
0.2975
0.2988
0.2977
0.2986
0.2989
0.2972
0.2960
0.2988
0.2990
0.2988
0.2990
0.2979
0.2993
0.2931
0.2985
0.2969
0.2973
0.2941
0.2997
0.2992
0.2984
0.2983
0.2965
0.2978
0.2925
0.2942
0.2975
0.2978
0.2991
0.2992
0.2979
0.3012
0.2988
0.2992
0.2968
0.2990
0.2995
0.2942
0.2979
0.2984
0.2989
0.2990
0.2937
0.2988
0.2979
0.2980
0.2987
0.2959
0.2974
0.2960
0.2983
0.2988
0.2988
0.2986
0.2968
0.2964
0.2994
0.2992
0.2991
0.2967
0.2979
0.2990
0.2970
0.2992
0.2995
0.2985
0.2989
0.2989
0.2975
0.2983
0.2989
0.2960
0.2960
0.2976
0.2975
0.2979
0.2957
0.2988
0.2980
0.2990
0.2982
0.2980
0.2952
0.2973
0.2946
0.2983
0.2971
0.2990
0.2948
0.2992
0.2968
0.2949
0.2932
0.2866
0.2987
0.2987
0.2982
0.2987
0.2981
0.2988
0.2978
0.2985
0.2938
0.2986
0.2991
0.2984
0.2974
0.3023
0.2968
0.2993
0.2991
0.2981
0.2971
0.2970
0.2991
0.2991
0.2994
0.2986
0.2993
0.2992
0.2991
0.2986
0.2946
0.2989
0.2966
0.2979
0.2994
0.3015
0.2975
0.2978
0.2957
0.2961
0.2951
0.3025
0.2982
0.2986
0.2900
0.2993
0.2999
0.2928
0.2961
0.2946
0.3000
0.2972
0.2990
0.2975
0.2994
0.2979
0.2947
0.2969
0.2990
0.3019
0.2992
0.2979
0.2991
0.2994
0.2992
0.2983
0.2979
0.2949
0.2991
0.2977
0.2995
0.2975
0.2985
0.2973
0.2973
0.2990
0.2987
0.2981
0.2969
0.2988
0.2971
0.2967
0.2971
0.2952
0.2907
0.2989
0.2979
0.3015
0.2956
0.2974
0.2987
0.2953
0.2970
0.2957
0.2938
0.2993
0.2953
0.2982
0.2946
0.2991
0.2990
0.2999
0.2992
0.2983
0.2995
0.2953
0.2986
0.2989
0.2999
0.2940
0.2967
0.2991
0.2984
0.3001
0.2930
0.2982
0.2988
0.2981
0.2992
0.2948
0.2984
0.2952
0.2959
0.2977
0.2974
0.2981
0.2985
0.2967
0.2983
0.2984
0.2962
0.2966
0.3048
0.2985
0.2985
0.2937
0.2974
0.2989
0.2966
0.2976
0.2992
0.2978
0.2989
0.2980
0.2960
0.2976
0.2992
0.2987
0.2964
0.3049
0.2976
0.2973
0.2981
0.2982
0.2992
0.2995
0.2961
0.2884
0.2975
0.2972
0.2963
0.2968
0.2957
0.3019
0.2995
0.3018
0.2929
0.2952
0.2994
0.2941
0.2979
0.2991
0.2995
0.2972
0.2988
0.2964
0.2902
0.2973
0.2962
0.2991
0.2994
0.2979
0.2985
0.2968
0.2934
0.2987
0.2993
0.2955
0.2995
0.2994
0.2992
0.2988
0.2989
0.2981
0.2976
0.2991
0.2975
0.2937
0.2994
0.2990
0.2992
0.2976
0.2985
0.2987
0.2979
0.2989
0.2986
0.2871
0.2979
0.2991
0.2993
0.2994
0.2986
0.2981
0.2984
0.2985
0.2991
0.2984
0.2975
0.2995
0.2863
0.2979
0.2982
0.2984
0.2966
0.2941
0.2986
0.2987
0.2983
0.2992
0.2938
0.2944
0.2970
0.2985
0.2981
0.2969
0.2955
0.2967
0.2975
0.2975
0.2944
0.2993
0.2979
0.2957
0.2982
0.2974
0.2992
0.2970
0.2982
0.2977
0.2988
0.2986
0.2967
0.2980
0.2992
0.2981
0.3028
0.2992
0.2992
0.2989
0.2980
0.2972
0.3038
0.2991
0.2993
0.2988
0.2987
0.2993
0.2983
0.2981
0.2985
0.2969
0.2989
0.2985
0.2992
0.2973
0.2990
0.2980
0.2977
0.2959
0.2976
0.2981
0.2991
0.2975
0.2950
0.2984
0.2985
0.2978
0.3017
0.2983
0.2966
0.2988
0.2985
0.2986
0.2999
0.2966
0.2982
0.2983
0.2972
0.2956
0.2950
0.2943
0.2938
0.2957
0.2990
0.2996
0.2993
0.2987
0.2966
0.2963
0.2947
0.2976
0.2969
0.2988
0.2978
0.2989
0.2989
0.2975
0.2902
0.2994
0.2988
0.2955
0.2969
0.2968
0.2979
0.2993
0.2987
0.2967
0.2992
0.2963
0.2953
0.2974
0.2977
0.2980
0.2977
0.2966
0.2988
0.3000
0.2973
0.2995
0.2989
0.2992
0.2989
0.2908
0.2990
0.2976
0.2993
0.2985
0.2955
0.2989
0.2978
0.2980
0.2951
0.2981
0.2994
0.2981
0.2983
0.2955
0.2990
0.2993
0.2992
0.2983
0.2988
0.2991
0.2949
0.2960
0.2974
0.2967
