0.3889
0.3870
0.3872
0.3887
0.3888
0.3880
0.3891
0.3879
0.3888
0.3879
0.3887
0.3885
0.3892
0.3888
0.3895
0.3888
0.3887
0.3890
0.3887
0.3879
0.3891
0.3892
0.3887
0.3870
0.3887
0.3870
0.3892
0.3875
0.3869
0.3865
0.3880
0.3890
0.3876
0.3889
0.3890
0.3875
0.3893
0.3890
0.3851
0.3879
0.3890
0.3889
0.3883
0.3884
0.3871
0.3882
0.3880
0.3891
0.3892
0.3888
0.3871
0.3877
0.3892
0.3893
0.3892
0.3891
0.3896
0.3884
0.3893
0.3892
0.3887
0.3890
0.3864
0.3882
0.3890
0.3897
0.3871
0.3881
0.3859
0.3886
0.3882
0.3887
0.3875
0.3890
0.3884
0.3894
0.3894
0.3887
0.3880
0.3881
0.3888
0.3884
0.3891
0.3881
0.3878
0.3895
0.3868
0.3881
0.3889
0.3879
0.3888
0.3871
0.3875
0.3875
0.3894
0.3889
0.3877
0.3886
0.3880
0.3892
0.3895
0.3865
0.3879
0.3892
0.3878
0.3872
0.3892
0.3852
0.3891
0.3884
0.3877
0.3888
0.3886
2.0000
0.3877
0.3885
0.3890
0.3890
0.3882
0.3885
0.3897
0.3883
0.3865
0.3890
0.3871
0.3868
0.3891
0.3886
0.3883
0.3891
0.3895
0.3890
0.3892
0.3896
0.3892
0.3884
0.3886
0.3885
0.3892
0.3889
0.3882
0.3893
0.3882
0.3888
0.3886
0.3889
0.3891
0.3894
0.3880
0.3888
0.3873
0.3890
0.3882
0.3879
0.3876
0.3890
0.3891
0.3891
0.3891
0.3888
0.3878
0.3871
0.3882
0.3870
0.3890
0.3884
0.3894
0.3881
0.3890
0.3895
0.3886
0.3876
0.3885
0.3891
0.3890
0.3888
0.3881
0.3835
0.3887
0.3894
0.3895
0.3895
0.3894
0.3875
0.3868
0.3889
0.3891
0.3886
0.3889
0.3859
0.3890
0.3891
0.3886
0.3879
0.3890
0.3892
0.3895
0.3891
0.3887
0.3884
0.3893
0.3889
0.3892
0.3881
0.3894
0.3876
0.3894
0.3863
0.3874
0.3884
0.3889
0.3895
0.3891
0.3885
0.3885
0.3891
0.3887
0.3874
0.3893
0.3891
0.3878
0.3892
0.3873
0.3892
0.3877
0.3891
0.3882
0.3886
0.3887
0.3886
0.3879
0.3856
0.3883
0.3887
0.3883
0.3886
0.3893
0.3893
0.3889
0.3882
0.3889
0.3878
0.3880
0.3885
0.3893
0.3878
0.3894
0.3893
0.3878
0.3890
0.3894
0.3869
0.3890
0.3890
0.3883
0.3878
0.3881
0.3894
0.3884
0.3887
0.3877
0.3888
0.3889
0.3890
0.3886
0.3882
0.3884
0.3893
0.3881
0.3885
0.3881
0.3887
0.3895
0.3888
0.3874
0.3873
0.3889
0.3888
0.3879
0.3887
0.3856
0.3879
0.3888
0.3886
0.3865
0.3887
0.3887
0.3893
0.3893
0.3892
0.3892
0.3893
0.3881
0.3868
0.3891
0.3882
0.3890
0.3891
0.3873
0.3879
0.3885
0.3891
0.3866
0.3892
0.3882
0.3886
0.3888
0.3894
0.3892
0.3888
0.3890
0.3890
0.3889
0.3880
0.3892
0.3883
0.3835
0.3895
0.3880
0.3878
0.3888
0.3879
0.3882
0.3871
0.3892
0.3886
0.3892
0.3869
0.3886
0.3869
0.3890
0.3888
0.3893
0.3887
0.3868
0.3881
0.3893
0.3891
0.3885
0.3883
0.3891
0.3894
0.3863
0.3891
0.3892
0.3874
0.3887
0.3876
0.3891
0.3893
0.3894
0.3880
0.3889
0.3890
0.3877
0.3893
0.3891
0.3893
0.3895
0.3894
0.3887
0.3876
0.3893
0.3883
0.3891
0.3890
0.3886
0.3880
0.3876
0.3888
0.3881
0.3887
0.3881
0.3882
0.3890
0.3883
0.3892
0.3893
0.3888
0.3888
0.3893
0.3893
0.3876
0.3893
0.3889
0.3887
0.3883
0.3888
0.3886
0.3888
0.3895
0.3870
0.3884
0.3874
0.3894
0.3885
0.3893
0.3892
0.3869
0.3884
0.3884
0.3871
0.3881
0.3876
0.3889
0.3887
0.3893
0.3879
0.3875
0.3895
0.3884
0.3887
0.3880
0.3891
0.3884
0.3884
0.3881
0.3895
0.3885
0.3879
0.3885
0.3885
0.3882
0.3881
0.3885
0.3880
0.3865
0.3882
0.3894
0.3890
0.3892
0.3879
0.3884
0.3895
0.3872
0.3874
0.3882
0.3883
0.3881
0.3894
0.3884
0.3877
0.3885
0.3886
0.3884
0.3871
0.3882
0.3891
0.3877
0.3896
0.3873
0.3891
0.3871
0.3885
0.3888
0.3884
0.3893
0.3891
0.3894
0.3882
0.3881
0.3884
0.3887
0.3886
0.3889
0.3884
0.3890
0.3892
0.3894
0.3895
0.3891
0.3893
0.3889
0.3892
0.3889
0.3888
0.3867
0.3893
0.3892
0.3878
0.3892
0.3894
0.3869
0.3878
0.3889
0.3892
0.3887
0.3894
0.3887
0.3894
0.3892
0.3882
0.3881
0.3893
0.3891
0.3888
0.3887
0.3886
0.3881
0.3894
0.3890
0.3894
0.3887
0.3892
0.3891
0.3890
0.3891
0.3894
0.3890
0.3889
0.3872
0.3892
0.3894
0.3893
0.3885
0.3893
0.3894
0.3895
0.3877
0.3889
0.3841
0.3871
0.3883
0.3894
0.3886
0.3886
0.3881
0.3874
0.3895
0.3888
0.3884
0.3878
0.3889
0.3891
0.3856
0.3892
0.3890
0.3879
0.3892
0.3878
0.3893
0.3892
0.3874
0.3885
0.3877
0.3891
0.3883
0.3890
0.3894
0.3867
0.3891
0.3889
0.3888
0.3871
0.3891
0.3891
0.3895
0.3870
0.3892
0.3893
0.3883
0.3881
0.3877
0.3879
0.3886
0.3881
0.3883
0.3879
0.3884
0.3895
0.3883
0.3893
0.3874
0.3875
0.3897
0.3886
0.3876
0.3886
0.3885
0.3893
0.3888
0.3873
0.3895
0.3888
0.3885
0.3891
0.3878
0.3866
0.3886
0.3883
0.3890
0.3892
0.3853
0.3878
0.3893
0.3881
0.3889
0.3886
0.3880
0.3894
0.3890
0.3890
0.3881
0.3891
0.3864
0.3878
0.3896
0.3887
0.3870
0.3884
0.3887
0.3879
0.3891
0.3881
0.3884
0.3878
0.3886
0.3890
0.3895
0.3884
0.3845
0.3876
0.3894
0.3894
0.3861
0.3892
0.3882
0.3891
0.3860
0.3888
0.3893
0.3891
0.3876
0.3893
0.3882
0.3891
0.3892
0.3885
0.3891
0.3892
0.3885
0.3880
0.3888
0.3884
0.3891
0.3880
0.3884
0.3886
0.3886
0.3863
0.3882
0.3882
0.3894
0.3879
0.3880
0.3861
0.3892
0.3879
0.3893
0.3859
0.3880
0.3882
0.3893
0.3887
0.3877
0.3880
0.3895
0.3886
0.3893
0.3893
0.3881
0.3889
0.3879
0.3880
0.3883
0.3883
0.3883
0.3896
0.3872
0.3893
0.3877
0.3880
0.3890
0.3883
0.3884
0.3885
0.3878
0.3882
0.3880
0.3877
0.3892
0.3890
0.3850
0.3885
0.3878
0.3881
0.3892
0.3879
0.3891
0.3888
0.3874
0.3892
0.3889
0.3885
0.3889
0.3891
0.3890
0.3868
0.3886
0.3880
0.3895
0.3895
0.3886
0.3879
0.3863
0.3889
0.3896
0.3891
0.3876
0.3859
0.3873
0.3878
0.3891
0.3870
0.3887
0.3868
0.3886
0.3864
0.3884
0.3879
0.3892
0.3882
0.3886
0.3880
0.3883
0.3890
0.3891
0.3883
0.3891
0.3878
0.3888
0.3877
0.3894
0.3893
0.3894
0.3883
0.3891
0.3891
0.3877
0.3877
0.3893
0.3892
0.3892
0.3888
0.3884
0.3892
0.3883
0.3891
0.3841
0.3894
0.3876
0.3886
0.3886
0.3891
0.3882
0.3885
0.3889
0.3880
0.3892
0.3881
0.3885
0.3888
0.3894
0.3892
0.3892
0.3889
0.3878
0.3877
0.3891
0.3887
0.3892
0.3890
0.3881
0.3890
0.3894
0.3895
0.3890
0.3882
0.3894
0.3886
0.3892
0.3891
0.3874
0.3894
0.3879
0.3890
0.3888
0.3894
0.3892
0.3880
0.3894
0.3890
0.3890
0.3874
0.3893
0.3871
0.3890
0.3878
0.3887
0.3886
0.3894
0.3886
0.3894
0.3875
0.3874
0.3881
0.3890
0.3878
0.3894
0.3883
0.3892
0.3894
0.3890
0.3873
0.3867
0.3893
0.3879
0.3885
0.3891
0.3893
0.3895
0.3882
0.3883
0.3890
0.3880
0.3878
0.3893
0.3864
0.3891
0.3893
0.3853
0.3891
0.3890
0.3875
0.3886
0.3887
0.3867
0.3885
0.3892
0.3894
0.3874
0.3885
0.3879
0.3890
0.3888
0.3879
0.3886
0.3892
0.3861
0.3891
0.3874
0.3892
0.3875
0.3889
0.3881
0.3891
0.3878
0.3866
0.3893
0.3885
0.3887
0.3893
0.3874
0.3888
0.3894
0.3893
0.3877
0.3879
0.3855
0.3885
0.3892
0.3877
0.3893
0.3886
0.3890
0.3883
0.3883
0.3879
0.3874
0.3881
0.3891
0.3889
0.3873
0.3878
0.3892
0.3872
0.3884
0.3885
0.3878
0.3879
0.3890
0.3891
0.3889
0.3891
0.3888
0.3889
0.3886
0.3883
0.3885
0.3890
0.3871
0.3850
0.3876
0.3888
0.3884
0.3888
0.3872
0.3889
0.3890
0.3891
0.3889
0.3890
0.3895
0.3893
0.3876
0.3888
0.3879
0.3889
0.3890
0.3860
0.3879
0.3890
0.3886
0.3827
0.3886
0.3883
0.3877
0.3894
0.3884
0.3886
0.3892
0.3888
0.3890
0.3896
0.3882
0.3867
0.3885
0.3883
0.3861
0.3889
0.3886
0.3894
0.3869
0.3880
0.3877
0.3878
0.3891
0.3884
0.3886
0.3884
0.3893
0.3893
0.3873
0.3893
0.3873
0.3892
0.3888
0.3851
0.3894
0.3888
0.3871
0.3893
0.3876
0.3883
0.3868
0.3885
0.3885
0.3887
0.3892
0.3879
0.3882
0.3889
0.3891
0.3883
0.3891
0.3883
0.3884
0.3886
0.3889
0.3892
0.3886
0.3892
0.3890
0.3872
0.3892
0.3892
0.3891
0.3883
0.3880
0.3872
