rot cnd alpha_s_mean alpha_s_ci alpha_f_mean alpha_f_ci beta_s_mean beta_s_ci beta_f_mean beta_f_ci sigma_s_mean sigma_s_ci sigma_f_mean sigma_f_ci
0 0 0.1361254 [[0.068555]
 [0.21663 ]] 0.2712889 [[0.138465]
 [0.451015]] 0.9983951999999999 [[0.9972]
 [0.9998]] 0.7496879 [[0.258995]
 [0.995   ]] 58.582213599999996 [[53.786425 ]
 [59.9658725]] 8.1126765 [[ 0.54052]
 [19.31916]]
0 1 0.1120942 [[0.0926   ]
 [0.1368025]] 0.18084410000000004 [[0.12529  ]
 [0.2420125]] 0.9998275 [[0.9988]
 [1.    ]] 0.1879017 [[0.0101975]
 [0.4950175]] 49.0665378 [[37.0386   ]
 [59.8124025]] 23.9495602 [[ 0.9398225]
 [58.287425 ]]
0 2 0.0540667 [[0.043595 ]
 [0.0681025]] 0.1753871 [[0.138595]
 [0.214835]] 0.9985882 [[0.996]
 [1.   ]] 0.4709682 [[0.29985]
 [0.6306 ]] 35.0407286 [[26.0958125]
 [47.950305 ]] 18.4366867 [[ 0.922245]
 [55.712665]]
1 0 0.13778910000000003 [[0.0414225]
 [0.2373075]] 0.2301008 [[0.1268   ]
 [0.3898125]] 0.9929985 [[0.9886]
 [0.9972]] 0.8723382000000001 [[0.2648675]
 [0.9914   ]] 32.4047051 [[ 8.1386525]
 [57.9806675]] 15.5714244 [[ 0.762995 ]
 [57.0535925]]
1 1 0.12572470000000002 [[0.0643925]
 [0.1711275]] 0.18077769999999999 [[0.1214925]
 [0.2494175]] 0.9918838999999999 [[0.9871   ]
 [0.9961025]] 0.33070710000000003 [[0.040665]
 [0.98182 ]] 20.969721699999997 [[13.046235]
 [45.93081 ]] 28.5949073 [[ 1.5323  ]
 [58.514205]]
1 2 0.08267510000000002 [[0.0631925]
 [0.10311  ]] 0.16835200000000003 [[0.1371  ]
 [0.202005]] 0.9854113999999999 [[0.9780975]
 [0.991    ]] 0.360615 [[0.1691875]
 [0.535615 ]] 20.6264462 [[15.3791425]
 [26.808345 ]] 34.9509727 [[ 3.1760575]
 [58.810825 ]]
